7078 7927
5562 188
991 2852
7566 259
2049 8267
8998 9871
6207 3202
9736 4319
5501 237
8210 9470
2227 619
118 3575
8836 7519
8564 4028
3575 5
2567 517
3970 6904
8760 580
9286 2442
4890 6387
937 1825
2186 4510
6818 1041
9534 6588
3609 9660
7722 8308
52 1545
2257 5847
7523 8477
7195 8180
4242 113
4017 935
482 6705
1366 7069
8307 9871
6044 8642
3423 7204
6743 7268
2473 5856
2927 3955
1938 1147
1238 7031
4309 3450
1478 2855
4657 9967
2308 4377
2931 310
3742 7771
4251 8957
3405 1731
5968 1542
250 1736
7770 5901
9192 7897
4167 2566
8760 9035
3591 3455
431 644
6137 5029
5546 2754
2116 5578
5620 1132
8189 7304
3510 7902
1976 2760
903 8670
1618 7914
4510 1276
3410 6976
5018 2622
65 2163
4857 8779
5518 8135
6372 7757
7624 2019
4779 1822
5040 6968
335 7239
8367 9300
7426 6248
4998 3382
2338 4964
2007 3999
408 5649
3449 6423
8088 6060
3093 5611
7685 6006
6998 5493
7265 4940
8605 7698
8906 5113
6683 2946
461 536
9562 7682
6271 5312
8429 8590
3162 9125
5362 6921
8570 6780
