35

5
18 12 6 11 20 
7 2 22 23 8 
3 15 24 14 10 
19 16 4 17 1 
21 25 5 9 13 
1
1 
9
21 33 31 43 58 17 12 23 14 
63 48 41 29 8 7 57 46 60 
71 79 10 2 39 25 52 3 36 
24 81 74 68 11 30 4 65 64 
56 42 66 22 38 37 34 55 61 
76 18 5 67 13 80 15 45 70 
59 47 72 1 75 28 40 27 19 
51 32 54 26 6 53 49 35 78 
69 73 44 20 50 9 62 77 16 
9
62 34 15 73 50 76 45 38 9 
31 42 49 20 56 1 79 21 80 
54 72 17 19 46 2 12 57 77 
47 52 11 61 13 68 16 37 58 
69 4 29 23 44 26 51 18 66 
74 27 10 60 41 71 30 65 75 
63 64 22 78 32 14 48 53 5 
8 33 7 39 36 43 35 70 3 
55 6 67 28 81 59 40 25 24 
1
1 
5
21 7 23 11 18 
12 6 4 8 20 
19 5 17 13 22 
15 10 2 25 16 
14 3 9 24 1 
9
71 72 73 74 75 76 77 78 79 
80 81 1 2 3 4 5 6 7 
8 9 10 11 12 13 14 15 16 
17 18 19 20 21 22 23 24 25 
26 27 28 29 30 31 32 33 34 
35 36 37 38 39 40 41 42 43 
44 45 46 47 48 49 50 51 52 
53 54 55 56 57 58 59 60 61 
62 63 64 65 66 67 68 69 70 
4
7 12 1 8 
15 2 16 3 
14 6 11 4 
10 9 13 5 
4
5 6 7 8 
9 10 11 12 
13 14 15 16 
1 2 3 4 
5
19 14 8 2 15 
5 3 23 21 17 
16 18 9 25 12 
7 24 4 1 20 
6 11 13 22 10 
8
61 19 34 28 48 32 26 35 
22 42 54 31 63 37 4 18 
47 59 60 45 51 55 53 9 
52 10 14 16 3 5 38 25 
20 1 56 15 7 23 30 29 
41 46 39 40 8 27 64 44 
43 13 57 33 21 58 11 50 
36 49 24 2 12 17 62 6 
8
44 45 46 47 48 49 50 51 
52 53 54 55 56 57 58 59 
60 61 62 63 64 1 2 3 
4 5 6 7 8 9 10 11 
12 13 14 15 16 17 18 19 
20 21 22 23 24 25 26 27 
28 29 30 31 32 33 34 35 
36 37 38 39 40 41 42 43 
9
39 6 18 79 66 59 53 31 13 
70 58 73 35 28 57 27 52 22 
26 61 69 63 34 80 71 23 68 
60 77 64 40 37 65 9 25 42 
67 10 21 54 47 45 72 44 8 
24 48 14 30 17 49 7 12 36 
41 32 4 76 78 55 5 62 51 
2 16 38 29 15 46 1 50 20 
11 43 74 75 33 56 19 3 81 
5
11 12 13 14 15 
16 17 18 19 20 
21 22 23 24 25 
1 2 3 4 5 
6 7 8 9 10 
7
45 39 2 21 13 46 18 
29 23 38 28 6 42 35 
36 8 41 49 44 19 14 
5 37 31 33 47 9 26 
11 17 7 43 10 16 3 
20 30 24 22 34 15 25 
27 12 40 48 32 4 1 
7
25 35 26 38 34 29 13 
22 42 9 41 27 36 20 
21 17 15 43 47 31 6 
19 4 16 3 30 40 46 
28 48 18 33 5 14 2 
7 10 39 44 12 32 49 
8 24 1 45 11 37 23 
8
33 27 21 59 29 50 52 7 
9 57 11 60 19 49 42 17 
14 51 47 58 37 39 56 16 
64 28 12 15 1 26 61 46 
23 18 20 36 10 35 45 38 
4 54 63 34 22 41 2 40 
30 31 13 25 44 55 32 62 
24 3 48 8 5 6 43 53 
4
14 9 7 15 
2 13 10 5 
11 4 1 8 
16 6 3 12 
10
29 90 81 4 77 45 94 23 56 11 
53 21 83 89 79 38 59 99 58 91 
62 3 64 52 17 8 75 1 40 20 
15 80 49 19 48 43 93 51 37 68 
86 41 88 28 16 44 26 2 39 47 
32 34 97 30 72 18 76 25 10 82 
78 96 24 46 31 92 63 95 6 73 
74 71 67 27 5 87 84 12 50 70 
85 22 100 98 42 33 14 61 36 60 
13 57 69 65 54 35 7 66 9 55 
9
35 60 26 7 53 63 1 21 32 
14 28 17 59 77 74 22 10 57 
75 19 46 11 31 66 65 5 44 
78 50 72 47 8 41 16 36 2 
81 12 43 69 42 27 51 13 73 
37 45 62 15 3 68 56 71 49 
79 6 18 55 70 58 76 30 4 
20 61 34 24 48 9 64 80 29 
40 25 33 67 23 38 54 52 39 
9
45 46 47 48 49 50 51 52 53 
54 55 56 57 58 59 60 61 62 
63 64 65 66 67 68 69 70 71 
72 73 74 75 76 77 78 79 80 
81 1 2 3 4 5 6 7 8 
9 10 11 12 13 14 15 16 17 
18 19 20 21 22 23 24 25 26 
27 28 29 30 31 32 33 34 35 
36 37 38 39 40 41 42 43 44 
4
2 11 4 9 
5 16 15 8 
10 14 13 3 
7 6 1 12 
7
31 6 46 36 3 29 9 
22 12 45 8 43 19 41 
2 14 47 7 1 38 15 
49 27 20 21 23 37 30 
16 24 25 11 17 26 5 
32 13 10 42 4 34 48 
44 35 28 33 40 18 39 
8
59 60 61 62 63 64 1 2 
3 4 5 6 7 8 9 10 
11 12 13 14 15 16 17 18 
19 20 21 22 23 24 25 26 
27 28 29 30 31 32 33 34 
35 36 37 38 39 40 41 42 
43 44 45 46 47 48 49 50 
51 52 53 54 55 56 57 58 
8
38 59 53 47 32 63 54 2 
1 29 49 44 16 33 34 13 
25 17 9 58 28 42 21 12 
8 36 37 56 62 27 51 14 
46 57 4 55 64 24 7 60 
61 41 45 30 31 20 39 18 
35 22 6 48 52 3 43 11 
50 40 23 5 15 19 10 26 
2
3 2 
4 1 
1
1 
2
3 4 
1 2 
6
21 33 35 30 26 24 
12 4 18 10 2 17 
1 34 32 8 23 5 
3 22 6 29 13 20 
15 28 7 11 27 19 
16 31 36 14 25 9 
5
1 2 3 4 5 
6 7 8 9 10 
11 12 13 14 15 
16 17 18 19 20 
21 22 23 24 25 
5
1 2 3 4 5 
6 7 8 9 10 
11 12 13 14 15 
16 17 18 19 20 
21 22 23 24 25 
1
1 
9
64 5 32 74 76 1 47 35 56 
45 6 50 19 43 24 9 20 21 
60 16 65 75 36 48 23 29 22 
62 30 44 8 3 37 77 72 7 
4 59 10 67 26 18 31 42 17 
58 61 27 15 70 41 38 12 80 
51 11 49 81 25 28 54 53 63 
13 78 79 57 68 40 55 69 46 
52 33 66 73 39 14 2 34 71 
10
63 12 59 87 25 73 47 52 68 69 
41 2 42 26 79 66 99 38 36 77 
48 96 91 56 33 53 71 83 29 37 
22 62 86 90 74 31 72 46 17 32 
6 55 35 88 49 28 19 50 60 100 
39 4 81 45 57 7 24 85 80 10 
84 82 13 9 8 27 34 78 21 58 
43 89 5 76 92 65 75 95 18 98 
14 1 97 54 30 16 23 40 20 44 
15 3 61 51 94 70 64 93 11 67 
1
1 
