6
10
2 15 43 70 33 33 1 46 18 21 21 55 46 58 31 36 4 53 6 23 
5
88
90
53
29
40

25
36 111 44 107 100 105 56 97 4 124 43 73 91 198 97 204 100 199 114 224 88 146 34 95 82 124 54 56 38 111 21 88 78 186 80 99 25 60 97 219 30 43 111 191 92 96 42 91 90 200 
25
233
178
87
116
214
88
29
37
58
7
203
1
29
176
150
172
7
248
162
1
38
165
35
4
231

50
1 500 500 500 145 350 62 121 83 206 176 385 180 297 126 335 59 167 124 273 94 167 55 271 47 286 132 263 211 323 47 293 191 290 88 214 51 298 121 339 114 244 150 335 167 288 33 78 38 177 58 94 189 419 233 290 176 379 221 284 212 453 243 298 62 128 45 154 158 181 40 116 137 330 132 249 160 213 120 212 19 127 103 163 18 200 27 147 48 105 77 167 124 141 80 172 226 318 66 274 
50
153
279
285
109
71
9
157
216
355
309
213
212
286
15
206
138
64
365
288
419
364
223
329
464
480
392
304
129
13
315
20
402
275
148
88
220
397
89
151
169
243
197
64
104
345
389
308
352
13
180

15
129 129 135 135 138 138 152 331 178 354 116 250 164 243 13 152 140 159 14 90 121 200 188 386 98 229 170 241 191 379 
8
129
354
197
223
250
25
254
138

20
118 243 168 321 6 179 56 289 59 59 109 229 199 201 249 300 4 36 54 218 7 42 57 221 158 332 208 366 160 190 210 295 85 277 135 338 89 170 139 285 
15
59
374
100
64
377
169
57
110
250
55
58
209
211
136
140

15
139 266 29 139 88 204 92 130 18 118 119 215 34 105 4 150 21 76 179 319 147 307 33 151 102 293 148 241 174 302 
8
139
322
344
150
58
207
297
214

