
  0  3  2  5  4  7  6  9  8 11 10 13 12 15 14 17 16 19 18 21 20 23 22 25 24 27 26 29 28 31 30 33 32 35 34 37 36 39 38 41 40 43 42 45 44 47 46 49 48 51 50 53 52 55 54 57 56 59 58 61 60 63 62 65 64 67 66 69 68 71 70 73 72 75 74 77 76 79 78 81 80 83 82 85 84 87 86 89 88 91 90 93 92 95 94 97 96 99 98 101 100 103 102 105 104 107 106 109 108 111 110 113 112 115 114 117 116 119 118 121 120 123 122 125 124 127 126 129 128
  3  0  1  6  7  4  5 10 11  8  9 14 15 12 13 18 19 16 17 22 23 20 21 26 27 24 25 30 31 28 29 34 35 32 33 38 39 36 37 42 43 40 41 46 47 44 45 50 51 48 49 54 55 52 53 58 59 56 57 62 63 60 61 66 67 64 65 70 71 68 69 74 75 72 73 78 79 76 77 82 83 80 81 86 87 84 85 90 91 88 89 94 95 92 93 98 99 96 97 102 103 100 101 106 107 104 105 110 111 108 109 114 115 112 113 118 119 116 117 122 123 120 121 126 127 124 125 130 131
  2  1  0  7  6  5  4 11 10  9  8 15 14 13 12 19 18 17 16 23 22 21 20 27 26 25 24 31 30 29 28 35 34 33 32 39 38 37 36 43 42 41 40 47 46 45 44 51 50 49 48 55 54 53 52 59 58 57 56 63 62 61 60 67 66 65 64 71 70 69 68 75 74 73 72 79 78 77 76 83 82 81 80 87 86 85 84 91 90 89 88 95 94 93 92 99 98 97 96 103 102 101 100 107 106 105 104 111 110 109 108 115 114 113 112 119 118 117 116 123 122 121 120 127 126 125 124 131 130
  5  6  7  0  1  2  3 12 13 14 15  8  9 10 11 20 21 22 23 16 17 18 19 28 29 30 31 24 25 26 27 36 37 38 39 32 33 34 35 44 45 46 47 40 41 42 43 52 53 54 55 48 49 50 51 60 61 62 63 56 57 58 59 68 69 70 71 64 65 66 67 76 77 78 79 72 73 74 75 84 85 86 87 80 81 82 83 92 93 94 95 88 89 90 91 100 101 102 103 96 97 98 99 108 109 110 111 104 105 106 107 116 117 118 119 112 113 114 115 124 125 126 127 120 121 122 123 132 133
  4  7  6  1  0  3  2 13 12 15 14  9  8 11 10 21 20 23 22 17 16 19 18 29 28 31 30 25 24 27 26 37 36 39 38 33 32 35 34 45 44 47 46 41 40 43 42 53 52 55 54 49 48 51 50 61 60 63 62 57 56 59 58 69 68 71 70 65 64 67 66 77 76 79 78 73 72 75 74 85 84 87 86 81 80 83 82 93 92 95 94 89 88 91 90 101 100 103 102 97 96 99 98 109 108 111 110 105 104 107 106 117 116 119 118 113 112 115 114 125 124 127 126 121 120 123 122 133 132
  7  4  5  2  3  0  1 14 15 12 13 10 11  8  9 22 23 20 21 18 19 16 17 30 31 28 29 26 27 24 25 38 39 36 37 34 35 32 33 46 47 44 45 42 43 40 41 54 55 52 53 50 51 48 49 62 63 60 61 58 59 56 57 70 71 68 69 66 67 64 65 78 79 76 77 74 75 72 73 86 87 84 85 82 83 80 81 94 95 92 93 90 91 88 89 102 103 100 101 98 99 96 97 110 111 108 109 106 107 104 105 118 119 116 117 114 115 112 113 126 127 124 125 122 123 120 121 134 135
  6  5  4  3  2  1  0 15 14 13 12 11 10  9  8 23 22 21 20 19 18 17 16 31 30 29 28 27 26 25 24 39 38 37 36 35 34 33 32 47 46 45 44 43 42 41 40 55 54 53 52 51 50 49 48 63 62 61 60 59 58 57 56 71 70 69 68 67 66 65 64 79 78 77 76 75 74 73 72 87 86 85 84 83 82 81 80 95 94 93 92 91 90 89 88 103 102 101 100 99 98 97 96 111 110 109 108 107 106 105 104 119 118 117 116 115 114 113 112 127 126 125 124 123 122 121 120 135 134
  9 10 11 12 13 14 15  0  1  2  3  4  5  6  7 24 25 26 27 28 29 30 31 16 17 18 19 20 21 22 23 40 41 42 43 44 45 46 47 32 33 34 35 36 37 38 39 56 57 58 59 60 61 62 63 48 49 50 51 52 53 54 55 72 73 74 75 76 77 78 79 64 65 66 67 68 69 70 71 88 89 90 91 92 93 94 95 80 81 82 83 84 85 86 87 104 105 106 107 108 109 110 111 96 97 98 99 100 101 102 103 120 121 122 123 124 125 126 127 112 113 114 115 116 117 118 119 136 137
  8 11 10 13 12 15 14  1  0  3  2  5  4  7  6 25 24 27 26 29 28 31 30 17 16 19 18 21 20 23 22 41 40 43 42 45 44 47 46 33 32 35 34 37 36 39 38 57 56 59 58 61 60 63 62 49 48 51 50 53 52 55 54 73 72 75 74 77 76 79 78 65 64 67 66 69 68 71 70 89 88 91 90 93 92 95 94 81 80 83 82 85 84 87 86 105 104 107 106 109 108 111 110 97 96 99 98 101 100 103 102 121 120 123 122 125 124 127 126 113 112 115 114 117 116 119 118 137 136
 11  8  9 14 15 12 13  2  3  0  1  6  7  4  5 26 27 24 25 30 31 28 29 18 19 16 17 22 23 20 21 42 43 40 41 46 47 44 45 34 35 32 33 38 39 36 37 58 59 56 57 62 63 60 61 50 51 48 49 54 55 52 53 74 75 72 73 78 79 76 77 66 67 64 65 70 71 68 69 90 91 88 89 94 95 92 93 82 83 80 81 86 87 84 85 106 107 104 105 110 111 108 109 98 99 96 97 102 103 100 101 122 123 120 121 126 127 124 125 114 115 112 113 118 119 116 117 138 139
 10  9  8 15 14 13 12  3  2  1  0  7  6  5  4 27 26 25 24 31 30 29 28 19 18 17 16 23 22 21 20 43 42 41 40 47 46 45 44 35 34 33 32 39 38 37 36 59 58 57 56 63 62 61 60 51 50 49 48 55 54 53 52 75 74 73 72 79 78 77 76 67 66 65 64 71 70 69 68 91 90 89 88 95 94 93 92 83 82 81 80 87 86 85 84 107 106 105 104 111 110 109 108 99 98 97 96 103 102 101 100 123 122 121 120 127 126 125 124 115 114 113 112 119 118 117 116 139 138
 13 14 15  8  9 10 11  4  5  6  7  0  1  2  3 28 29 30 31 24 25 26 27 20 21 22 23 16 17 18 19 44 45 46 47 40 41 42 43 36 37 38 39 32 33 34 35 60 61 62 63 56 57 58 59 52 53 54 55 48 49 50 51 76 77 78 79 72 73 74 75 68 69 70 71 64 65 66 67 92 93 94 95 88 89 90 91 84 85 86 87 80 81 82 83 108 109 110 111 104 105 106 107 100 101 102 103 96 97 98 99 124 125 126 127 120 121 122 123 116 117 118 119 112 113 114 115 140 141
 12 15 14  9  8 11 10  5  4  7  6  1  0  3  2 29 28 31 30 25 24 27 26 21 20 23 22 17 16 19 18 45 44 47 46 41 40 43 42 37 36 39 38 33 32 35 34 61 60 63 62 57 56 59 58 53 52 55 54 49 48 51 50 77 76 79 78 73 72 75 74 69 68 71 70 65 64 67 66 93 92 95 94 89 88 91 90 85 84 87 86 81 80 83 82 109 108 111 110 105 104 107 106 101 100 103 102 97 96 99 98 125 124 127 126 121 120 123 122 117 116 119 118 113 112 115 114 141 140
 15 12 13 10 11  8  9  6  7  4  5  2  3  0  1 30 31 28 29 26 27 24 25 22 23 20 21 18 19 16 17 46 47 44 45 42 43 40 41 38 39 36 37 34 35 32 33 62 63 60 61 58 59 56 57 54 55 52 53 50 51 48 49 78 79 76 77 74 75 72 73 70 71 68 69 66 67 64 65 94 95 92 93 90 91 88 89 86 87 84 85 82 83 80 81 110 111 108 109 106 107 104 105 102 103 100 101 98 99 96 97 126 127 124 125 122 123 120 121 118 119 116 117 114 115 112 113 142 143
 14 13 12 11 10  9  8  7  6  5  4  3  2  1  0 31 30 29 28 27 26 25 24 23 22 21 20 19 18 17 16 47 46 45 44 43 42 41 40 39 38 37 36 35 34 33 32 63 62 61 60 59 58 57 56 55 54 53 52 51 50 49 48 79 78 77 76 75 74 73 72 71 70 69 68 67 66 65 64 95 94 93 92 91 90 89 88 87 86 85 84 83 82 81 80 111 110 109 108 107 106 105 104 103 102 101 100 99 98 97 96 127 126 125 124 123 122 121 120 119 118 117 116 115 114 113 112 143 142
 17 18 19 20 21 22 23 24 25 26 27 28 29 30 31  0  1  2  3  4  5  6  7  8  9 10 11 12 13 14 15 48 49 50 51 52 53 54 55 56 57 58 59 60 61 62 63 32 33 34 35 36 37 38 39 40 41 42 43 44 45 46 47 80 81 82 83 84 85 86 87 88 89 90 91 92 93 94 95 64 65 66 67 68 69 70 71 72 73 74 75 76 77 78 79 112 113 114 115 116 117 118 119 120 121 122 123 124 125 126 127 96 97 98 99 100 101 102 103 104 105 106 107 108 109 110 111 144 145
 16 19 18 21 20 23 22 25 24 27 26 29 28 31 30  1  0  3  2  5  4  7  6  9  8 11 10 13 12 15 14 49 48 51 50 53 52 55 54 57 56 59 58 61 60 63 62 33 32 35 34 37 36 39 38 41 40 43 42 45 44 47 46 81 80 83 82 85 84 87 86 89 88 91 90 93 92 95 94 65 64 67 66 69 68 71 70 73 72 75 74 77 76 79 78 113 112 115 114 117 116 119 118 121 120 123 122 125 124 127 126 97 96 99 98 101 100 103 102 105 104 107 106 109 108 111 110 145 144
 19 16 17 22 23 20 21 26 27 24 25 30 31 28 29  2  3  0  1  6  7  4  5 10 11  8  9 14 15 12 13 50 51 48 49 54 55 52 53 58 59 56 57 62 63 60 61 34 35 32 33 38 39 36 37 42 43 40 41 46 47 44 45 82 83 80 81 86 87 84 85 90 91 88 89 94 95 92 93 66 67 64 65 70 71 68 69 74 75 72 73 78 79 76 77 114 115 112 113 118 119 116 117 122 123 120 121 126 127 124 125 98 99 96 97 102 103 100 101 106 107 104 105 110 111 108 109 146 147
 18 17 16 23 22 21 20 27 26 25 24 31 30 29 28  3  2  1  0  7  6  5  4 11 10  9  8 15 14 13 12 51 50 49 48 55 54 53 52 59 58 57 56 63 62 61 60 35 34 33 32 39 38 37 36 43 42 41 40 47 46 45 44 83 82 81 80 87 86 85 84 91 90 89 88 95 94 93 92 67 66 65 64 71 70 69 68 75 74 73 72 79 78 77 76 115 114 113 112 119 118 117 116 123 122 121 120 127 126 125 124 99 98 97 96 103 102 101 100 107 106 105 104 111 110 109 108 147 146
 21 22 23 16 17 18 19 28 29 30 31 24 25 26 27  4  5  6  7  0  1  2  3 12 13 14 15  8  9 10 11 52 53 54 55 48 49 50 51 60 61 62 63 56 57 58 59 36 37 38 39 32 33 34 35 44 45 46 47 40 41 42 43 84 85 86 87 80 81 82 83 92 93 94 95 88 89 90 91 68 69 70 71 64 65 66 67 76 77 78 79 72 73 74 75 116 117 118 119 112 113 114 115 124 125 126 127 120 121 122 123 100 101 102 103 96 97 98 99 108 109 110 111 104 105 106 107 148 149
 20 23 22 17 16 19 18 29 28 31 30 25 24 27 26  5  4  7  6  1  0  3  2 13 12 15 14  9  8 11 10 53 52 55 54 49 48 51 50 61 60 63 62 57 56 59 58 37 36 39 38 33 32 35 34 45 44 47 46 41 40 43 42 85 84 87 86 81 80 83 82 93 92 95 94 89 88 91 90 69 68 71 70 65 64 67 66 77 76 79 78 73 72 75 74 117 116 119 118 113 112 115 114 125 124 127 126 121 120 123 122 101 100 103 102 97 96 99 98 109 108 111 110 105 104 107 106 149 148
 23 20 21 18 19 16 17 30 31 28 29 26 27 24 25  6  7  4  5  2  3  0  1 14 15 12 13 10 11  8  9 54 55 52 53 50 51 48 49 62 63 60 61 58 59 56 57 38 39 36 37 34 35 32 33 46 47 44 45 42 43 40 41 86 87 84 85 82 83 80 81 94 95 92 93 90 91 88 89 70 71 68 69 66 67 64 65 78 79 76 77 74 75 72 73 118 119 116 117 114 115 112 113 126 127 124 125 122 123 120 121 102 103 100 101 98 99 96 97 110 111 108 109 106 107 104 105 150 151
 22 21 20 19 18 17 16 31 30 29 28 27 26 25 24  7  6  5  4  3  2  1  0 15 14 13 12 11 10  9  8 55 54 53 52 51 50 49 48 63 62 61 60 59 58 57 56 39 38 37 36 35 34 33 32 47 46 45 44 43 42 41 40 87 86 85 84 83 82 81 80 95 94 93 92 91 90 89 88 71 70 69 68 67 66 65 64 79 78 77 76 75 74 73 72 119 118 117 116 115 114 113 112 127 126 125 124 123 122 121 120 103 102 101 100 99 98 97 96 111 110 109 108 107 106 105 104 151 150
 25 26 27 28 29 30 31 16 17 18 19 20 21 22 23  8  9 10 11 12 13 14 15  0  1  2  3  4  5  6  7 56 57 58 59 60 61 62 63 48 49 50 51 52 53 54 55 40 41 42 43 44 45 46 47 32 33 34 35 36 37 38 39 88 89 90 91 92 93 94 95 80 81 82 83 84 85 86 87 72 73 74 75 76 77 78 79 64 65 66 67 68 69 70 71 120 121 122 123 124 125 126 127 112 113 114 115 116 117 118 119 104 105 106 107 108 109 110 111 96 97 98 99 100 101 102 103 152 153
 24 27 26 29 28 31 30 17 16 19 18 21 20 23 22  9  8 11 10 13 12 15 14  1  0  3  2  5  4  7  6 57 56 59 58 61 60 63 62 49 48 51 50 53 52 55 54 41 40 43 42 45 44 47 46 33 32 35 34 37 36 39 38 89 88 91 90 93 92 95 94 81 80 83 82 85 84 87 86 73 72 75 74 77 76 79 78 65 64 67 66 69 68 71 70 121 120 123 122 125 124 127 126 113 112 115 114 117 116 119 118 105 104 107 106 109 108 111 110 97 96 99 98 101 100 103 102 153 152
 27 24 25 30 31 28 29 18 19 16 17 22 23 20 21 10 11  8  9 14 15 12 13  2  3  0  1  6  7  4  5 58 59 56 57 62 63 60 61 50 51 48 49 54 55 52 53 42 43 40 41 46 47 44 45 34 35 32 33 38 39 36 37 90 91 88 89 94 95 92 93 82 83 80 81 86 87 84 85 74 75 72 73 78 79 76 77 66 67 64 65 70 71 68 69 122 123 120 121 126 127 124 125 114 115 112 113 118 119 116 117 106 107 104 105 110 111 108 109 98 99 96 97 102 103 100 101 154 155
 26 25 24 31 30 29 28 19 18 17 16 23 22 21 20 11 10  9  8 15 14 13 12  3  2  1  0  7  6  5  4 59 58 57 56 63 62 61 60 51 50 49 48 55 54 53 52 43 42 41 40 47 46 45 44 35 34 33 32 39 38 37 36 91 90 89 88 95 94 93 92 83 82 81 80 87 86 85 84 75 74 73 72 79 78 77 76 67 66 65 64 71 70 69 68 123 122 121 120 127 126 125 124 115 114 113 112 119 118 117 116 107 106 105 104 111 110 109 108 99 98 97 96 103 102 101 100 155 154
 29 30 31 24 25 26 27 20 21 22 23 16 17 18 19 12 13 14 15  8  9 10 11  4  5  6  7  0  1  2  3 60 61 62 63 56 57 58 59 52 53 54 55 48 49 50 51 44 45 46 47 40 41 42 43 36 37 38 39 32 33 34 35 92 93 94 95 88 89 90 91 84 85 86 87 80 81 82 83 76 77 78 79 72 73 74 75 68 69 70 71 64 65 66 67 124 125 126 127 120 121 122 123 116 117 118 119 112 113 114 115 108 109 110 111 104 105 106 107 100 101 102 103 96 97 98 99 156 157
 28 31 30 25 24 27 26 21 20 23 22 17 16 19 18 13 12 15 14  9  8 11 10  5  4  7  6  1  0  3  2 61 60 63 62 57 56 59 58 53 52 55 54 49 48 51 50 45 44 47 46 41 40 43 42 37 36 39 38 33 32 35 34 93 92 95 94 89 88 91 90 85 84 87 86 81 80 83 82 77 76 79 78 73 72 75 74 69 68 71 70 65 64 67 66 125 124 127 126 121 120 123 122 117 116 119 118 113 112 115 114 109 108 111 110 105 104 107 106 101 100 103 102 97 96 99 98 157 156
 31 28 29 26 27 24 25 22 23 20 21 18 19 16 17 14 15 12 13 10 11  8  9  6  7  4  5  2  3  0  1 62 63 60 61 58 59 56 57 54 55 52 53 50 51 48 49 46 47 44 45 42 43 40 41 38 39 36 37 34 35 32 33 94 95 92 93 90 91 88 89 86 87 84 85 82 83 80 81 78 79 76 77 74 75 72 73 70 71 68 69 66 67 64 65 126 127 124 125 122 123 120 121 118 119 116 117 114 115 112 113 110 111 108 109 106 107 104 105 102 103 100 101 98 99 96 97 158 159
 30 29 28 27 26 25 24 23 22 21 20 19 18 17 16 15 14 13 12 11 10  9  8  7  6  5  4  3  2  1  0 63 62 61 60 59 58 57 56 55 54 53 52 51 50 49 48 47 46 45 44 43 42 41 40 39 38 37 36 35 34 33 32 95 94 93 92 91 90 89 88 87 86 85 84 83 82 81 80 79 78 77 76 75 74 73 72 71 70 69 68 67 66 65 64 127 126 125 124 123 122 121 120 119 118 117 116 115 114 113 112 111 110 109 108 107 106 105 104 103 102 101 100 99 98 97 96 159 158
 33 34 35 36 37 38 39 40 41 42 43 44 45 46 47 48 49 50 51 52 53 54 55 56 57 58 59 60 61 62 63  0  1  2  3  4  5  6  7  8  9 10 11 12 13 14 15 16 17 18 19 20 21 22 23 24 25 26 27 28 29 30 31 96 97 98 99 100 101 102 103 104 105 106 107 108 109 110 111 112 113 114 115 116 117 118 119 120 121 122 123 124 125 126 127 64 65 66 67 68 69 70 71 72 73 74 75 76 77 78 79 80 81 82 83 84 85 86 87 88 89 90 91 92 93 94 95 160 161
 32 35 34 37 36 39 38 41 40 43 42 45 44 47 46 49 48 51 50 53 52 55 54 57 56 59 58 61 60 63 62  1  0  3  2  5  4  7  6  9  8 11 10 13 12 15 14 17 16 19 18 21 20 23 22 25 24 27 26 29 28 31 30 97 96 99 98 101 100 103 102 105 104 107 106 109 108 111 110 113 112 115 114 117 116 119 118 121 120 123 122 125 124 127 126 65 64 67 66 69 68 71 70 73 72 75 74 77 76 79 78 81 80 83 82 85 84 87 86 89 88 91 90 93 92 95 94 161 160
 35 32 33 38 39 36 37 42 43 40 41 46 47 44 45 50 51 48 49 54 55 52 53 58 59 56 57 62 63 60 61  2  3  0  1  6  7  4  5 10 11  8  9 14 15 12 13 18 19 16 17 22 23 20 21 26 27 24 25 30 31 28 29 98 99 96 97 102 103 100 101 106 107 104 105 110 111 108 109 114 115 112 113 118 119 116 117 122 123 120 121 126 127 124 125 66 67 64 65 70 71 68 69 74 75 72 73 78 79 76 77 82 83 80 81 86 87 84 85 90 91 88 89 94 95 92 93 162 163
 34 33 32 39 38 37 36 43 42 41 40 47 46 45 44 51 50 49 48 55 54 53 52 59 58 57 56 63 62 61 60  3  2  1  0  7  6  5  4 11 10  9  8 15 14 13 12 19 18 17 16 23 22 21 20 27 26 25 24 31 30 29 28 99 98 97 96 103 102 101 100 107 106 105 104 111 110 109 108 115 114 113 112 119 118 117 116 123 122 121 120 127 126 125 124 67 66 65 64 71 70 69 68 75 74 73 72 79 78 77 76 83 82 81 80 87 86 85 84 91 90 89 88 95 94 93 92 163 162
 37 38 39 32 33 34 35 44 45 46 47 40 41 42 43 52 53 54 55 48 49 50 51 60 61 62 63 56 57 58 59  4  5  6  7  0  1  2  3 12 13 14 15  8  9 10 11 20 21 22 23 16 17 18 19 28 29 30 31 24 25 26 27 100 101 102 103 96 97 98 99 108 109 110 111 104 105 106 107 116 117 118 119 112 113 114 115 124 125 126 127 120 121 122 123 68 69 70 71 64 65 66 67 76 77 78 79 72 73 74 75 84 85 86 87 80 81 82 83 92 93 94 95 88 89 90 91 164 165
 36 39 38 33 32 35 34 45 44 47 46 41 40 43 42 53 52 55 54 49 48 51 50 61 60 63 62 57 56 59 58  5  4  7  6  1  0  3  2 13 12 15 14  9  8 11 10 21 20 23 22 17 16 19 18 29 28 31 30 25 24 27 26 101 100 103 102 97 96 99 98 109 108 111 110 105 104 107 106 117 116 119 118 113 112 115 114 125 124 127 126 121 120 123 122 69 68 71 70 65 64 67 66 77 76 79 78 73 72 75 74 85 84 87 86 81 80 83 82 93 92 95 94 89 88 91 90 165 164
 39 36 37 34 35 32 33 46 47 44 45 42 43 40 41 54 55 52 53 50 51 48 49 62 63 60 61 58 59 56 57  6  7  4  5  2  3  0  1 14 15 12 13 10 11  8  9 22 23 20 21 18 19 16 17 30 31 28 29 26 27 24 25 102 103 100 101 98 99 96 97 110 111 108 109 106 107 104 105 118 119 116 117 114 115 112 113 126 127 124 125 122 123 120 121 70 71 68 69 66 67 64 65 78 79 76 77 74 75 72 73 86 87 84 85 82 83 80 81 94 95 92 93 90 91 88 89 166 167
 38 37 36 35 34 33 32 47 46 45 44 43 42 41 40 55 54 53 52 51 50 49 48 63 62 61 60 59 58 57 56  7  6  5  4  3  2  1  0 15 14 13 12 11 10  9  8 23 22 21 20 19 18 17 16 31 30 29 28 27 26 25 24 103 102 101 100 99 98 97 96 111 110 109 108 107 106 105 104 119 118 117 116 115 114 113 112 127 126 125 124 123 122 121 120 71 70 69 68 67 66 65 64 79 78 77 76 75 74 73 72 87 86 85 84 83 82 81 80 95 94 93 92 91 90 89 88 167 166
 41 42 43 44 45 46 47 32 33 34 35 36 37 38 39 56 57 58 59 60 61 62 63 48 49 50 51 52 53 54 55  8  9 10 11 12 13 14 15  0  1  2  3  4  5  6  7 24 25 26 27 28 29 30 31 16 17 18 19 20 21 22 23 104 105 106 107 108 109 110 111 96 97 98 99 100 101 102 103 120 121 122 123 124 125 126 127 112 113 114 115 116 117 118 119 72 73 74 75 76 77 78 79 64 65 66 67 68 69 70 71 88 89 90 91 92 93 94 95 80 81 82 83 84 85 86 87 168 169
 40 43 42 45 44 47 46 33 32 35 34 37 36 39 38 57 56 59 58 61 60 63 62 49 48 51 50 53 52 55 54  9  8 11 10 13 12 15 14  1  0  3  2  5  4  7  6 25 24 27 26 29 28 31 30 17 16 19 18 21 20 23 22 105 104 107 106 109 108 111 110 97 96 99 98 101 100 103 102 121 120 123 122 125 124 127 126 113 112 115 114 117 116 119 118 73 72 75 74 77 76 79 78 65 64 67 66 69 68 71 70 89 88 91 90 93 92 95 94 81 80 83 82 85 84 87 86 169 168
 43 40 41 46 47 44 45 34 35 32 33 38 39 36 37 58 59 56 57 62 63 60 61 50 51 48 49 54 55 52 53 10 11  8  9 14 15 12 13  2  3  0  1  6  7  4  5 26 27 24 25 30 31 28 29 18 19 16 17 22 23 20 21 106 107 104 105 110 111 108 109 98 99 96 97 102 103 100 101 122 123 120 121 126 127 124 125 114 115 112 113 118 119 116 117 74 75 72 73 78 79 76 77 66 67 64 65 70 71 68 69 90 91 88 89 94 95 92 93 82 83 80 81 86 87 84 85 170 171
 42 41 40 47 46 45 44 35 34 33 32 39 38 37 36 59 58 57 56 63 62 61 60 51 50 49 48 55 54 53 52 11 10  9  8 15 14 13 12  3  2  1  0  7  6  5  4 27 26 25 24 31 30 29 28 19 18 17 16 23 22 21 20 107 106 105 104 111 110 109 108 99 98 97 96 103 102 101 100 123 122 121 120 127 126 125 124 115 114 113 112 119 118 117 116 75 74 73 72 79 78 77 76 67 66 65 64 71 70 69 68 91 90 89 88 95 94 93 92 83 82 81 80 87 86 85 84 171 170
 45 46 47 40 41 42 43 36 37 38 39 32 33 34 35 60 61 62 63 56 57 58 59 52 53 54 55 48 49 50 51 12 13 14 15  8  9 10 11  4  5  6  7  0  1  2  3 28 29 30 31 24 25 26 27 20 21 22 23 16 17 18 19 108 109 110 111 104 105 106 107 100 101 102 103 96 97 98 99 124 125 126 127 120 121 122 123 116 117 118 119 112 113 114 115 76 77 78 79 72 73 74 75 68 69 70 71 64 65 66 67 92 93 94 95 88 89 90 91 84 85 86 87 80 81 82 83 172 173
 44 47 46 41 40 43 42 37 36 39 38 33 32 35 34 61 60 63 62 57 56 59 58 53 52 55 54 49 48 51 50 13 12 15 14  9  8 11 10  5  4  7  6  1  0  3  2 29 28 31 30 25 24 27 26 21 20 23 22 17 16 19 18 109 108 111 110 105 104 107 106 101 100 103 102 97 96 99 98 125 124 127 126 121 120 123 122 117 116 119 118 113 112 115 114 77 76 79 78 73 72 75 74 69 68 71 70 65 64 67 66 93 92 95 94 89 88 91 90 85 84 87 86 81 80 83 82 173 172
 47 44 45 42 43 40 41 38 39 36 37 34 35 32 33 62 63 60 61 58 59 56 57 54 55 52 53 50 51 48 49 14 15 12 13 10 11  8  9  6  7  4  5  2  3  0  1 30 31 28 29 26 27 24 25 22 23 20 21 18 19 16 17 110 111 108 109 106 107 104 105 102 103 100 101 98 99 96 97 126 127 124 125 122 123 120 121 118 119 116 117 114 115 112 113 78 79 76 77 74 75 72 73 70 71 68 69 66 67 64 65 94 95 92 93 90 91 88 89 86 87 84 85 82 83 80 81 174 175
 46 45 44 43 42 41 40 39 38 37 36 35 34 33 32 63 62 61 60 59 58 57 56 55 54 53 52 51 50 49 48 15 14 13 12 11 10  9  8  7  6  5  4  3  2  1  0 31 30 29 28 27 26 25 24 23 22 21 20 19 18 17 16 111 110 109 108 107 106 105 104 103 102 101 100 99 98 97 96 127 126 125 124 123 122 121 120 119 118 117 116 115 114 113 112 79 78 77 76 75 74 73 72 71 70 69 68 67 66 65 64 95 94 93 92 91 90 89 88 87 86 85 84 83 82 81 80 175 174
 49 50 51 52 53 54 55 56 57 58 59 60 61 62 63 32 33 34 35 36 37 38 39 40 41 42 43 44 45 46 47 16 17 18 19 20 21 22 23 24 25 26 27 28 29 30 31  0  1  2  3  4  5  6  7  8  9 10 11 12 13 14 15 112 113 114 115 116 117 118 119 120 121 122 123 124 125 126 127 96 97 98 99 100 101 102 103 104 105 106 107 108 109 110 111 80 81 82 83 84 85 86 87 88 89 90 91 92 93 94 95 64 65 66 67 68 69 70 71 72 73 74 75 76 77 78 79 176 177
 48 51 50 53 52 55 54 57 56 59 58 61 60 63 62 33 32 35 34 37 36 39 38 41 40 43 42 45 44 47 46 17 16 19 18 21 20 23 22 25 24 27 26 29 28 31 30  1  0  3  2  5  4  7  6  9  8 11 10 13 12 15 14 113 112 115 114 117 116 119 118 121 120 123 122 125 124 127 126 97 96 99 98 101 100 103 102 105 104 107 106 109 108 111 110 81 80 83 82 85 84 87 86 89 88 91 90 93 92 95 94 65 64 67 66 69 68 71 70 73 72 75 74 77 76 79 78 177 176
 51 48 49 54 55 52 53 58 59 56 57 62 63 60 61 34 35 32 33 38 39 36 37 42 43 40 41 46 47 44 45 18 19 16 17 22 23 20 21 26 27 24 25 30 31 28 29  2  3  0  1  6  7  4  5 10 11  8  9 14 15 12 13 114 115 112 113 118 119 116 117 122 123 120 121 126 127 124 125 98 99 96 97 102 103 100 101 106 107 104 105 110 111 108 109 82 83 80 81 86 87 84 85 90 91 88 89 94 95 92 93 66 67 64 65 70 71 68 69 74 75 72 73 78 79 76 77 178 179
 50 49 48 55 54 53 52 59 58 57 56 63 62 61 60 35 34 33 32 39 38 37 36 43 42 41 40 47 46 45 44 19 18 17 16 23 22 21 20 27 26 25 24 31 30 29 28  3  2  1  0  7  6  5  4 11 10  9  8 15 14 13 12 115 114 113 112 119 118 117 116 123 122 121 120 127 126 125 124 99 98 97 96 103 102 101 100 107 106 105 104 111 110 109 108 83 82 81 80 87 86 85 84 91 90 89 88 95 94 93 92 67 66 65 64 71 70 69 68 75 74 73 72 79 78 77 76 179 178
 53 54 55 48 49 50 51 60 61 62 63 56 57 58 59 36 37 38 39 32 33 34 35 44 45 46 47 40 41 42 43 20 21 22 23 16 17 18 19 28 29 30 31 24 25 26 27  4  5  6  7  0  1  2  3 12 13 14 15  8  9 10 11 116 117 118 119 112 113 114 115 124 125 126 127 120 121 122 123 100 101 102 103 96 97 98 99 108 109 110 111 104 105 106 107 84 85 86 87 80 81 82 83 92 93 94 95 88 89 90 91 68 69 70 71 64 65 66 67 76 77 78 79 72 73 74 75 180 181
 52 55 54 49 48 51 50 61 60 63 62 57 56 59 58 37 36 39 38 33 32 35 34 45 44 47 46 41 40 43 42 21 20 23 22 17 16 19 18 29 28 31 30 25 24 27 26  5  4  7  6  1  0  3  2 13 12 15 14  9  8 11 10 117 116 119 118 113 112 115 114 125 124 127 126 121 120 123 122 101 100 103 102 97 96 99 98 109 108 111 110 105 104 107 106 85 84 87 86 81 80 83 82 93 92 95 94 89 88 91 90 69 68 71 70 65 64 67 66 77 76 79 78 73 72 75 74 181 180
 55 52 53 50 51 48 49 62 63 60 61 58 59 56 57 38 39 36 37 34 35 32 33 46 47 44 45 42 43 40 41 22 23 20 21 18 19 16 17 30 31 28 29 26 27 24 25  6  7  4  5  2  3  0  1 14 15 12 13 10 11  8  9 118 119 116 117 114 115 112 113 126 127 124 125 122 123 120 121 102 103 100 101 98 99 96 97 110 111 108 109 106 107 104 105 86 87 84 85 82 83 80 81 94 95 92 93 90 91 88 89 70 71 68 69 66 67 64 65 78 79 76 77 74 75 72 73 182 183
 54 53 52 51 50 49 48 63 62 61 60 59 58 57 56 39 38 37 36 35 34 33 32 47 46 45 44 43 42 41 40 23 22 21 20 19 18 17 16 31 30 29 28 27 26 25 24  7  6  5  4  3  2  1  0 15 14 13 12 11 10  9  8 119 118 117 116 115 114 113 112 127 126 125 124 123 122 121 120 103 102 101 100 99 98 97 96 111 110 109 108 107 106 105 104 87 86 85 84 83 82 81 80 95 94 93 92 91 90 89 88 71 70 69 68 67 66 65 64 79 78 77 76 75 74 73 72 183 182
 57 58 59 60 61 62 63 48 49 50 51 52 53 54 55 40 41 42 43 44 45 46 47 32 33 34 35 36 37 38 39 24 25 26 27 28 29 30 31 16 17 18 19 20 21 22 23  8  9 10 11 12 13 14 15  0  1  2  3  4  5  6  7 120 121 122 123 124 125 126 127 112 113 114 115 116 117 118 119 104 105 106 107 108 109 110 111 96 97 98 99 100 101 102 103 88 89 90 91 92 93 94 95 80 81 82 83 84 85 86 87 72 73 74 75 76 77 78 79 64 65 66 67 68 69 70 71 184 185
 56 59 58 61 60 63 62 49 48 51 50 53 52 55 54 41 40 43 42 45 44 47 46 33 32 35 34 37 36 39 38 25 24 27 26 29 28 31 30 17 16 19 18 21 20 23 22  9  8 11 10 13 12 15 14  1  0  3  2  5  4  7  6 121 120 123 122 125 124 127 126 113 112 115 114 117 116 119 118 105 104 107 106 109 108 111 110 97 96 99 98 101 100 103 102 89 88 91 90 93 92 95 94 81 80 83 82 85 84 87 86 73 72 75 74 77 76 79 78 65 64 67 66 69 68 71 70 185 184
 59 56 57 62 63 60 61 50 51 48 49 54 55 52 53 42 43 40 41 46 47 44 45 34 35 32 33 38 39 36 37 26 27 24 25 30 31 28 29 18 19 16 17 22 23 20 21 10 11  8  9 14 15 12 13  2  3  0  1  6  7  4  5 122 123 120 121 126 127 124 125 114 115 112 113 118 119 116 117 106 107 104 105 110 111 108 109 98 99 96 97 102 103 100 101 90 91 88 89 94 95 92 93 82 83 80 81 86 87 84 85 74 75 72 73 78 79 76 77 66 67 64 65 70 71 68 69 186 187
 58 57 56 63 62 61 60 51 50 49 48 55 54 53 52 43 42 41 40 47 46 45 44 35 34 33 32 39 38 37 36 27 26 25 24 31 30 29 28 19 18 17 16 23 22 21 20 11 10  9  8 15 14 13 12  3  2  1  0  7  6  5  4 123 122 121 120 127 126 125 124 115 114 113 112 119 118 117 116 107 106 105 104 111 110 109 108 99 98 97 96 103 102 101 100 91 90 89 88 95 94 93 92 83 82 81 80 87 86 85 84 75 74 73 72 79 78 77 76 67 66 65 64 71 70 69 68 187 186
 61 62 63 56 57 58 59 52 53 54 55 48 49 50 51 44 45 46 47 40 41 42 43 36 37 38 39 32 33 34 35 28 29 30 31 24 25 26 27 20 21 22 23 16 17 18 19 12 13 14 15  8  9 10 11  4  5  6  7  0  1  2  3 124 125 126 127 120 121 122 123 116 117 118 119 112 113 114 115 108 109 110 111 104 105 106 107 100 101 102 103 96 97 98 99 92 93 94 95 88 89 90 91 84 85 86 87 80 81 82 83 76 77 78 79 72 73 74 75 68 69 70 71 64 65 66 67 188 189
 60 63 62 57 56 59 58 53 52 55 54 49 48 51 50 45 44 47 46 41 40 43 42 37 36 39 38 33 32 35 34 29 28 31 30 25 24 27 26 21 20 23 22 17 16 19 18 13 12 15 14  9  8 11 10  5  4  7  6  1  0  3  2 125 124 127 126 121 120 123 122 117 116 119 118 113 112 115 114 109 108 111 110 105 104 107 106 101 100 103 102 97 96 99 98 93 92 95 94 89 88 91 90 85 84 87 86 81 80 83 82 77 76 79 78 73 72 75 74 69 68 71 70 65 64 67 66 189 188
 63 60 61 58 59 56 57 54 55 52 53 50 51 48 49 46 47 44 45 42 43 40 41 38 39 36 37 34 35 32 33 30 31 28 29 26 27 24 25 22 23 20 21 18 19 16 17 14 15 12 13 10 11  8  9  6  7  4  5  2  3  0  1 126 127 124 125 122 123 120 121 118 119 116 117 114 115 112 113 110 111 108 109 106 107 104 105 102 103 100 101 98 99 96 97 94 95 92 93 90 91 88 89 86 87 84 85 82 83 80 81 78 79 76 77 74 75 72 73 70 71 68 69 66 67 64 65 190 191
 62 61 60 59 58 57 56 55 54 53 52 51 50 49 48 47 46 45 44 43 42 41 40 39 38 37 36 35 34 33 32 31 30 29 28 27 26 25 24 23 22 21 20 19 18 17 16 15 14 13 12 11 10  9  8  7  6  5  4  3  2  1  0 127 126 125 124 123 122 121 120 119 118 117 116 115 114 113 112 111 110 109 108 107 106 105 104 103 102 101 100 99 98 97 96 95 94 93 92 91 90 89 88 87 86 85 84 83 82 81 80 79 78 77 76 75 74 73 72 71 70 69 68 67 66 65 64 191 190
 65 66 67 68 69 70 71 72 73 74 75 76 77 78 79 80 81 82 83 84 85 86 87 88 89 90 91 92 93 94 95 96 97 98 99 100 101 102 103 104 105 106 107 108 109 110 111 112 113 114 115 116 117 118 119 120 121 122 123 124 125 126 127  0  1  2  3  4  5  6  7  8  9 10 11 12 13 14 15 16 17 18 19 20 21 22 23 24 25 26 27 28 29 30 31 32 33 34 35 36 37 38 39 40 41 42 43 44 45 46 47 48 49 50 51 52 53 54 55 56 57 58 59 60 61 62 63 192 193
 64 67 66 69 68 71 70 73 72 75 74 77 76 79 78 81 80 83 82 85 84 87 86 89 88 91 90 93 92 95 94 97 96 99 98 101 100 103 102 105 104 107 106 109 108 111 110 113 112 115 114 117 116 119 118 121 120 123 122 125 124 127 126  1  0  3  2  5  4  7  6  9  8 11 10 13 12 15 14 17 16 19 18 21 20 23 22 25 24 27 26 29 28 31 30 33 32 35 34 37 36 39 38 41 40 43 42 45 44 47 46 49 48 51 50 53 52 55 54 57 56 59 58 61 60 63 62 193 192
 67 64 65 70 71 68 69 74 75 72 73 78 79 76 77 82 83 80 81 86 87 84 85 90 91 88 89 94 95 92 93 98 99 96 97 102 103 100 101 106 107 104 105 110 111 108 109 114 115 112 113 118 119 116 117 122 123 120 121 126 127 124 125  2  3  0  1  6  7  4  5 10 11  8  9 14 15 12 13 18 19 16 17 22 23 20 21 26 27 24 25 30 31 28 29 34 35 32 33 38 39 36 37 42 43 40 41 46 47 44 45 50 51 48 49 54 55 52 53 58 59 56 57 62 63 60 61 194 195
 66 65 64 71 70 69 68 75 74 73 72 79 78 77 76 83 82 81 80 87 86 85 84 91 90 89 88 95 94 93 92 99 98 97 96 103 102 101 100 107 106 105 104 111 110 109 108 115 114 113 112 119 118 117 116 123 122 121 120 127 126 125 124  3  2  1  0  7  6  5  4 11 10  9  8 15 14 13 12 19 18 17 16 23 22 21 20 27 26 25 24 31 30 29 28 35 34 33 32 39 38 37 36 43 42 41 40 47 46 45 44 51 50 49 48 55 54 53 52 59 58 57 56 63 62 61 60 195 194
 69 70 71 64 65 66 67 76 77 78 79 72 73 74 75 84 85 86 87 80 81 82 83 92 93 94 95 88 89 90 91 100 101 102 103 96 97 98 99 108 109 110 111 104 105 106 107 116 117 118 119 112 113 114 115 124 125 126 127 120 121 122 123  4  5  6  7  0  1  2  3 12 13 14 15  8  9 10 11 20 21 22 23 16 17 18 19 28 29 30 31 24 25 26 27 36 37 38 39 32 33 34 35 44 45 46 47 40 41 42 43 52 53 54 55 48 49 50 51 60 61 62 63 56 57 58 59 196 197
 68 71 70 65 64 67 66 77 76 79 78 73 72 75 74 85 84 87 86 81 80 83 82 93 92 95 94 89 88 91 90 101 100 103 102 97 96 99 98 109 108 111 110 105 104 107 106 117 116 119 118 113 112 115 114 125 124 127 126 121 120 123 122  5  4  7  6  1  0  3  2 13 12 15 14  9  8 11 10 21 20 23 22 17 16 19 18 29 28 31 30 25 24 27 26 37 36 39 38 33 32 35 34 45 44 47 46 41 40 43 42 53 52 55 54 49 48 51 50 61 60 63 62 57 56 59 58 197 196
 71 68 69 66 67 64 65 78 79 76 77 74 75 72 73 86 87 84 85 82 83 80 81 94 95 92 93 90 91 88 89 102 103 100 101 98 99 96 97 110 111 108 109 106 107 104 105 118 119 116 117 114 115 112 113 126 127 124 125 122 123 120 121  6  7  4  5  2  3  0  1 14 15 12 13 10 11  8  9 22 23 20 21 18 19 16 17 30 31 28 29 26 27 24 25 38 39 36 37 34 35 32 33 46 47 44 45 42 43 40 41 54 55 52 53 50 51 48 49 62 63 60 61 58 59 56 57 198 199
 70 69 68 67 66 65 64 79 78 77 76 75 74 73 72 87 86 85 84 83 82 81 80 95 94 93 92 91 90 89 88 103 102 101 100 99 98 97 96 111 110 109 108 107 106 105 104 119 118 117 116 115 114 113 112 127 126 125 124 123 122 121 120  7  6  5  4  3  2  1  0 15 14 13 12 11 10  9  8 23 22 21 20 19 18 17 16 31 30 29 28 27 26 25 24 39 38 37 36 35 34 33 32 47 46 45 44 43 42 41 40 55 54 53 52 51 50 49 48 63 62 61 60 59 58 57 56 199 198
 73 74 75 76 77 78 79 64 65 66 67 68 69 70 71 88 89 90 91 92 93 94 95 80 81 82 83 84 85 86 87 104 105 106 107 108 109 110 111 96 97 98 99 100 101 102 103 120 121 122 123 124 125 126 127 112 113 114 115 116 117 118 119  8  9 10 11 12 13 14 15  0  1  2  3  4  5  6  7 24 25 26 27 28 29 30 31 16 17 18 19 20 21 22 23 40 41 42 43 44 45 46 47 32 33 34 35 36 37 38 39 56 57 58 59 60 61 62 63 48 49 50 51 52 53 54 55 200 201
 72 75 74 77 76 79 78 65 64 67 66 69 68 71 70 89 88 91 90 93 92 95 94 81 80 83 82 85 84 87 86 105 104 107 106 109 108 111 110 97 96 99 98 101 100 103 102 121 120 123 122 125 124 127 126 113 112 115 114 117 116 119 118  9  8 11 10 13 12 15 14  1  0  3  2  5  4  7  6 25 24 27 26 29 28 31 30 17 16 19 18 21 20 23 22 41 40 43 42 45 44 47 46 33 32 35 34 37 36 39 38 57 56 59 58 61 60 63 62 49 48 51 50 53 52 55 54 201 200
 75 72 73 78 79 76 77 66 67 64 65 70 71 68 69 90 91 88 89 94 95 92 93 82 83 80 81 86 87 84 85 106 107 104 105 110 111 108 109 98 99 96 97 102 103 100 101 122 123 120 121 126 127 124 125 114 115 112 113 118 119 116 117 10 11  8  9 14 15 12 13  2  3  0  1  6  7  4  5 26 27 24 25 30 31 28 29 18 19 16 17 22 23 20 21 42 43 40 41 46 47 44 45 34 35 32 33 38 39 36 37 58 59 56 57 62 63 60 61 50 51 48 49 54 55 52 53 202 203
 74 73 72 79 78 77 76 67 66 65 64 71 70 69 68 91 90 89 88 95 94 93 92 83 82 81 80 87 86 85 84 107 106 105 104 111 110 109 108 99 98 97 96 103 102 101 100 123 122 121 120 127 126 125 124 115 114 113 112 119 118 117 116 11 10  9  8 15 14 13 12  3  2  1  0  7  6  5  4 27 26 25 24 31 30 29 28 19 18 17 16 23 22 21 20 43 42 41 40 47 46 45 44 35 34 33 32 39 38 37 36 59 58 57 56 63 62 61 60 51 50 49 48 55 54 53 52 203 202
 77 78 79 72 73 74 75 68 69 70 71 64 65 66 67 92 93 94 95 88 89 90 91 84 85 86 87 80 81 82 83 108 109 110 111 104 105 106 107 100 101 102 103 96 97 98 99 124 125 126 127 120 121 122 123 116 117 118 119 112 113 114 115 12 13 14 15  8  9 10 11  4  5  6  7  0  1  2  3 28 29 30 31 24 25 26 27 20 21 22 23 16 17 18 19 44 45 46 47 40 41 42 43 36 37 38 39 32 33 34 35 60 61 62 63 56 57 58 59 52 53 54 55 48 49 50 51 204 205
 76 79 78 73 72 75 74 69 68 71 70 65 64 67 66 93 92 95 94 89 88 91 90 85 84 87 86 81 80 83 82 109 108 111 110 105 104 107 106 101 100 103 102 97 96 99 98 125 124 127 126 121 120 123 122 117 116 119 118 113 112 115 114 13 12 15 14  9  8 11 10  5  4  7  6  1  0  3  2 29 28 31 30 25 24 27 26 21 20 23 22 17 16 19 18 45 44 47 46 41 40 43 42 37 36 39 38 33 32 35 34 61 60 63 62 57 56 59 58 53 52 55 54 49 48 51 50 205 204
 79 76 77 74 75 72 73 70 71 68 69 66 67 64 65 94 95 92 93 90 91 88 89 86 87 84 85 82 83 80 81 110 111 108 109 106 107 104 105 102 103 100 101 98 99 96 97 126 127 124 125 122 123 120 121 118 119 116 117 114 115 112 113 14 15 12 13 10 11  8  9  6  7  4  5  2  3  0  1 30 31 28 29 26 27 24 25 22 23 20 21 18 19 16 17 46 47 44 45 42 43 40 41 38 39 36 37 34 35 32 33 62 63 60 61 58 59 56 57 54 55 52 53 50 51 48 49 206 207
 78 77 76 75 74 73 72 71 70 69 68 67 66 65 64 95 94 93 92 91 90 89 88 87 86 85 84 83 82 81 80 111 110 109 108 107 106 105 104 103 102 101 100 99 98 97 96 127 126 125 124 123 122 121 120 119 118 117 116 115 114 113 112 15 14 13 12 11 10  9  8  7  6  5  4  3  2  1  0 31 30 29 28 27 26 25 24 23 22 21 20 19 18 17 16 47 46 45 44 43 42 41 40 39 38 37 36 35 34 33 32 63 62 61 60 59 58 57 56 55 54 53 52 51 50 49 48 207 206
 81 82 83 84 85 86 87 88 89 90 91 92 93 94 95 64 65 66 67 68 69 70 71 72 73 74 75 76 77 78 79 112 113 114 115 116 117 118 119 120 121 122 123 124 125 126 127 96 97 98 99 100 101 102 103 104 105 106 107 108 109 110 111 16 17 18 19 20 21 22 23 24 25 26 27 28 29 30 31  0  1  2  3  4  5  6  7  8  9 10 11 12 13 14 15 48 49 50 51 52 53 54 55 56 57 58 59 60 61 62 63 32 33 34 35 36 37 38 39 40 41 42 43 44 45 46 47 208 209
 80 83 82 85 84 87 86 89 88 91 90 93 92 95 94 65 64 67 66 69 68 71 70 73 72 75 74 77 76 79 78 113 112 115 114 117 116 119 118 121 120 123 122 125 124 127 126 97 96 99 98 101 100 103 102 105 104 107 106 109 108 111 110 17 16 19 18 21 20 23 22 25 24 27 26 29 28 31 30  1  0  3  2  5  4  7  6  9  8 11 10 13 12 15 14 49 48 51 50 53 52 55 54 57 56 59 58 61 60 63 62 33 32 35 34 37 36 39 38 41 40 43 42 45 44 47 46 209 208
 83 80 81 86 87 84 85 90 91 88 89 94 95 92 93 66 67 64 65 70 71 68 69 74 75 72 73 78 79 76 77 114 115 112 113 118 119 116 117 122 123 120 121 126 127 124 125 98 99 96 97 102 103 100 101 106 107 104 105 110 111 108 109 18 19 16 17 22 23 20 21 26 27 24 25 30 31 28 29  2  3  0  1  6  7  4  5 10 11  8  9 14 15 12 13 50 51 48 49 54 55 52 53 58 59 56 57 62 63 60 61 34 35 32 33 38 39 36 37 42 43 40 41 46 47 44 45 210 211
 82 81 80 87 86 85 84 91 90 89 88 95 94 93 92 67 66 65 64 71 70 69 68 75 74 73 72 79 78 77 76 115 114 113 112 119 118 117 116 123 122 121 120 127 126 125 124 99 98 97 96 103 102 101 100 107 106 105 104 111 110 109 108 19 18 17 16 23 22 21 20 27 26 25 24 31 30 29 28  3  2  1  0  7  6  5  4 11 10  9  8 15 14 13 12 51 50 49 48 55 54 53 52 59 58 57 56 63 62 61 60 35 34 33 32 39 38 37 36 43 42 41 40 47 46 45 44 211 210
 85 86 87 80 81 82 83 92 93 94 95 88 89 90 91 68 69 70 71 64 65 66 67 76 77 78 79 72 73 74 75 116 117 118 119 112 113 114 115 124 125 126 127 120 121 122 123 100 101 102 103 96 97 98 99 108 109 110 111 104 105 106 107 20 21 22 23 16 17 18 19 28 29 30 31 24 25 26 27  4  5  6  7  0  1  2  3 12 13 14 15  8  9 10 11 52 53 54 55 48 49 50 51 60 61 62 63 56 57 58 59 36 37 38 39 32 33 34 35 44 45 46 47 40 41 42 43 212 213
 84 87 86 81 80 83 82 93 92 95 94 89 88 91 90 69 68 71 70 65 64 67 66 77 76 79 78 73 72 75 74 117 116 119 118 113 112 115 114 125 124 127 126 121 120 123 122 101 100 103 102 97 96 99 98 109 108 111 110 105 104 107 106 21 20 23 22 17 16 19 18 29 28 31 30 25 24 27 26  5  4  7  6  1  0  3  2 13 12 15 14  9  8 11 10 53 52 55 54 49 48 51 50 61 60 63 62 57 56 59 58 37 36 39 38 33 32 35 34 45 44 47 46 41 40 43 42 213 212
 87 84 85 82 83 80 81 94 95 92 93 90 91 88 89 70 71 68 69 66 67 64 65 78 79 76 77 74 75 72 73 118 119 116 117 114 115 112 113 126 127 124 125 122 123 120 121 102 103 100 101 98 99 96 97 110 111 108 109 106 107 104 105 22 23 20 21 18 19 16 17 30 31 28 29 26 27 24 25  6  7  4  5  2  3  0  1 14 15 12 13 10 11  8  9 54 55 52 53 50 51 48 49 62 63 60 61 58 59 56 57 38 39 36 37 34 35 32 33 46 47 44 45 42 43 40 41 214 215
 86 85 84 83 82 81 80 95 94 93 92 91 90 89 88 71 70 69 68 67 66 65 64 79 78 77 76 75 74 73 72 119 118 117 116 115 114 113 112 127 126 125 124 123 122 121 120 103 102 101 100 99 98 97 96 111 110 109 108 107 106 105 104 23 22 21 20 19 18 17 16 31 30 29 28 27 26 25 24  7  6  5  4  3  2  1  0 15 14 13 12 11 10  9  8 55 54 53 52 51 50 49 48 63 62 61 60 59 58 57 56 39 38 37 36 35 34 33 32 47 46 45 44 43 42 41 40 215 214
 89 90 91 92 93 94 95 80 81 82 83 84 85 86 87 72 73 74 75 76 77 78 79 64 65 66 67 68 69 70 71 120 121 122 123 124 125 126 127 112 113 114 115 116 117 118 119 104 105 106 107 108 109 110 111 96 97 98 99 100 101 102 103 24 25 26 27 28 29 30 31 16 17 18 19 20 21 22 23  8  9 10 11 12 13 14 15  0  1  2  3  4  5  6  7 56 57 58 59 60 61 62 63 48 49 50 51 52 53 54 55 40 41 42 43 44 45 46 47 32 33 34 35 36 37 38 39 216 217
 88 91 90 93 92 95 94 81 80 83 82 85 84 87 86 73 72 75 74 77 76 79 78 65 64 67 66 69 68 71 70 121 120 123 122 125 124 127 126 113 112 115 114 117 116 119 118 105 104 107 106 109 108 111 110 97 96 99 98 101 100 103 102 25 24 27 26 29 28 31 30 17 16 19 18 21 20 23 22  9  8 11 10 13 12 15 14  1  0  3  2  5  4  7  6 57 56 59 58 61 60 63 62 49 48 51 50 53 52 55 54 41 40 43 42 45 44 47 46 33 32 35 34 37 36 39 38 217 216
 91 88 89 94 95 92 93 82 83 80 81 86 87 84 85 74 75 72 73 78 79 76 77 66 67 64 65 70 71 68 69 122 123 120 121 126 127 124 125 114 115 112 113 118 119 116 117 106 107 104 105 110 111 108 109 98 99 96 97 102 103 100 101 26 27 24 25 30 31 28 29 18 19 16 17 22 23 20 21 10 11  8  9 14 15 12 13  2  3  0  1  6  7  4  5 58 59 56 57 62 63 60 61 50 51 48 49 54 55 52 53 42 43 40 41 46 47 44 45 34 35 32 33 38 39 36 37 218 219
 90 89 88 95 94 93 92 83 82 81 80 87 86 85 84 75 74 73 72 79 78 77 76 67 66 65 64 71 70 69 68 123 122 121 120 127 126 125 124 115 114 113 112 119 118 117 116 107 106 105 104 111 110 109 108 99 98 97 96 103 102 101 100 27 26 25 24 31 30 29 28 19 18 17 16 23 22 21 20 11 10  9  8 15 14 13 12  3  2  1  0  7  6  5  4 59 58 57 56 63 62 61 60 51 50 49 48 55 54 53 52 43 42 41 40 47 46 45 44 35 34 33 32 39 38 37 36 219 218
 93 94 95 88 89 90 91 84 85 86 87 80 81 82 83 76 77 78 79 72 73 74 75 68 69 70 71 64 65 66 67 124 125 126 127 120 121 122 123 116 117 118 119 112 113 114 115 108 109 110 111 104 105 106 107 100 101 102 103 96 97 98 99 28 29 30 31 24 25 26 27 20 21 22 23 16 17 18 19 12 13 14 15  8  9 10 11  4  5  6  7  0  1  2  3 60 61 62 63 56 57 58 59 52 53 54 55 48 49 50 51 44 45 46 47 40 41 42 43 36 37 38 39 32 33 34 35 220 221
 92 95 94 89 88 91 90 85 84 87 86 81 80 83 82 77 76 79 78 73 72 75 74 69 68 71 70 65 64 67 66 125 124 127 126 121 120 123 122 117 116 119 118 113 112 115 114 109 108 111 110 105 104 107 106 101 100 103 102 97 96 99 98 29 28 31 30 25 24 27 26 21 20 23 22 17 16 19 18 13 12 15 14  9  8 11 10  5  4  7  6  1  0  3  2 61 60 63 62 57 56 59 58 53 52 55 54 49 48 51 50 45 44 47 46 41 40 43 42 37 36 39 38 33 32 35 34 221 220
 95 92 93 90 91 88 89 86 87 84 85 82 83 80 81 78 79 76 77 74 75 72 73 70 71 68 69 66 67 64 65 126 127 124 125 122 123 120 121 118 119 116 117 114 115 112 113 110 111 108 109 106 107 104 105 102 103 100 101 98 99 96 97 30 31 28 29 26 27 24 25 22 23 20 21 18 19 16 17 14 15 12 13 10 11  8  9  6  7  4  5  2  3  0  1 62 63 60 61 58 59 56 57 54 55 52 53 50 51 48 49 46 47 44 45 42 43 40 41 38 39 36 37 34 35 32 33 222 223
 94 93 92 91 90 89 88 87 86 85 84 83 82 81 80 79 78 77 76 75 74 73 72 71 70 69 68 67 66 65 64 127 126 125 124 123 122 121 120 119 118 117 116 115 114 113 112 111 110 109 108 107 106 105 104 103 102 101 100 99 98 97 96 31 30 29 28 27 26 25 24 23 22 21 20 19 18 17 16 15 14 13 12 11 10  9  8  7  6  5  4  3  2  1  0 63 62 61 60 59 58 57 56 55 54 53 52 51 50 49 48 47 46 45 44 43 42 41 40 39 38 37 36 35 34 33 32 223 222
 97 98 99 100 101 102 103 104 105 106 107 108 109 110 111 112 113 114 115 116 117 118 119 120 121 122 123 124 125 126 127 64 65 66 67 68 69 70 71 72 73 74 75 76 77 78 79 80 81 82 83 84 85 86 87 88 89 90 91 92 93 94 95 32 33 34 35 36 37 38 39 40 41 42 43 44 45 46 47 48 49 50 51 52 53 54 55 56 57 58 59 60 61 62 63  0  1  2  3  4  5  6  7  8  9 10 11 12 13 14 15 16 17 18 19 20 21 22 23 24 25 26 27 28 29 30 31 224 225
 96 99 98 101 100 103 102 105 104 107 106 109 108 111 110 113 112 115 114 117 116 119 118 121 120 123 122 125 124 127 126 65 64 67 66 69 68 71 70 73 72 75 74 77 76 79 78 81 80 83 82 85 84 87 86 89 88 91 90 93 92 95 94 33 32 35 34 37 36 39 38 41 40 43 42 45 44 47 46 49 48 51 50 53 52 55 54 57 56 59 58 61 60 63 62  1  0  3  2  5  4  7  6  9  8 11 10 13 12 15 14 17 16 19 18 21 20 23 22 25 24 27 26 29 28 31 30 225 224
 99 96 97 102 103 100 101 106 107 104 105 110 111 108 109 114 115 112 113 118 119 116 117 122 123 120 121 126 127 124 125 66 67 64 65 70 71 68 69 74 75 72 73 78 79 76 77 82 83 80 81 86 87 84 85 90 91 88 89 94 95 92 93 34 35 32 33 38 39 36 37 42 43 40 41 46 47 44 45 50 51 48 49 54 55 52 53 58 59 56 57 62 63 60 61  2  3  0  1  6  7  4  5 10 11  8  9 14 15 12 13 18 19 16 17 22 23 20 21 26 27 24 25 30 31 28 29 226 227
 98 97 96 103 102 101 100 107 106 105 104 111 110 109 108 115 114 113 112 119 118 117 116 123 122 121 120 127 126 125 124 67 66 65 64 71 70 69 68 75 74 73 72 79 78 77 76 83 82 81 80 87 86 85 84 91 90 89 88 95 94 93 92 35 34 33 32 39 38 37 36 43 42 41 40 47 46 45 44 51 50 49 48 55 54 53 52 59 58 57 56 63 62 61 60  3  2  1  0  7  6  5  4 11 10  9  8 15 14 13 12 19 18 17 16 23 22 21 20 27 26 25 24 31 30 29 28 227 226
 101 102 103 96 97 98 99 108 109 110 111 104 105 106 107 116 117 118 119 112 113 114 115 124 125 126 127 120 121 122 123 68 69 70 71 64 65 66 67 76 77 78 79 72 73 74 75 84 85 86 87 80 81 82 83 92 93 94 95 88 89 90 91 36 37 38 39 32 33 34 35 44 45 46 47 40 41 42 43 52 53 54 55 48 49 50 51 60 61 62 63 56 57 58 59  4  5  6  7  0  1  2  3 12 13 14 15  8  9 10 11 20 21 22 23 16 17 18 19 28 29 30 31 24 25 26 27 228 229
 100 103 102 97 96 99 98 109 108 111 110 105 104 107 106 117 116 119 118 113 112 115 114 125 124 127 126 121 120 123 122 69 68 71 70 65 64 67 66 77 76 79 78 73 72 75 74 85 84 87 86 81 80 83 82 93 92 95 94 89 88 91 90 37 36 39 38 33 32 35 34 45 44 47 46 41 40 43 42 53 52 55 54 49 48 51 50 61 60 63 62 57 56 59 58  5  4  7  6  1  0  3  2 13 12 15 14  9  8 11 10 21 20 23 22 17 16 19 18 29 28 31 30 25 24 27 26 229 228
 103 100 101 98 99 96 97 110 111 108 109 106 107 104 105 118 119 116 117 114 115 112 113 126 127 124 125 122 123 120 121 70 71 68 69 66 67 64 65 78 79 76 77 74 75 72 73 86 87 84 85 82 83 80 81 94 95 92 93 90 91 88 89 38 39 36 37 34 35 32 33 46 47 44 45 42 43 40 41 54 55 52 53 50 51 48 49 62 63 60 61 58 59 56 57  6  7  4  5  2  3  0  1 14 15 12 13 10 11  8  9 22 23 20 21 18 19 16 17 30 31 28 29 26 27 24 25 230 231
 102 101 100 99 98 97 96 111 110 109 108 107 106 105 104 119 118 117 116 115 114 113 112 127 126 125 124 123 122 121 120 71 70 69 68 67 66 65 64 79 78 77 76 75 74 73 72 87 86 85 84 83 82 81 80 95 94 93 92 91 90 89 88 39 38 37 36 35 34 33 32 47 46 45 44 43 42 41 40 55 54 53 52 51 50 49 48 63 62 61 60 59 58 57 56  7  6  5  4  3  2  1  0 15 14 13 12 11 10  9  8 23 22 21 20 19 18 17 16 31 30 29 28 27 26 25 24 231 230
 105 106 107 108 109 110 111 96 97 98 99 100 101 102 103 120 121 122 123 124 125 126 127 112 113 114 115 116 117 118 119 72 73 74 75 76 77 78 79 64 65 66 67 68 69 70 71 88 89 90 91 92 93 94 95 80 81 82 83 84 85 86 87 40 41 42 43 44 45 46 47 32 33 34 35 36 37 38 39 56 57 58 59 60 61 62 63 48 49 50 51 52 53 54 55  8  9 10 11 12 13 14 15  0  1  2  3  4  5  6  7 24 25 26 27 28 29 30 31 16 17 18 19 20 21 22 23 232 233
 104 107 106 109 108 111 110 97 96 99 98 101 100 103 102 121 120 123 122 125 124 127 126 113 112 115 114 117 116 119 118 73 72 75 74 77 76 79 78 65 64 67 66 69 68 71 70 89 88 91 90 93 92 95 94 81 80 83 82 85 84 87 86 41 40 43 42 45 44 47 46 33 32 35 34 37 36 39 38 57 56 59 58 61 60 63 62 49 48 51 50 53 52 55 54  9  8 11 10 13 12 15 14  1  0  3  2  5  4  7  6 25 24 27 26 29 28 31 30 17 16 19 18 21 20 23 22 233 232
 107 104 105 110 111 108 109 98 99 96 97 102 103 100 101 122 123 120 121 126 127 124 125 114 115 112 113 118 119 116 117 74 75 72 73 78 79 76 77 66 67 64 65 70 71 68 69 90 91 88 89 94 95 92 93 82 83 80 81 86 87 84 85 42 43 40 41 46 47 44 45 34 35 32 33 38 39 36 37 58 59 56 57 62 63 60 61 50 51 48 49 54 55 52 53 10 11  8  9 14 15 12 13  2  3  0  1  6  7  4  5 26 27 24 25 30 31 28 29 18 19 16 17 22 23 20 21 234 235
 106 105 104 111 110 109 108 99 98 97 96 103 102 101 100 123 122 121 120 127 126 125 124 115 114 113 112 119 118 117 116 75 74 73 72 79 78 77 76 67 66 65 64 71 70 69 68 91 90 89 88 95 94 93 92 83 82 81 80 87 86 85 84 43 42 41 40 47 46 45 44 35 34 33 32 39 38 37 36 59 58 57 56 63 62 61 60 51 50 49 48 55 54 53 52 11 10  9  8 15 14 13 12  3  2  1  0  7  6  5  4 27 26 25 24 31 30 29 28 19 18 17 16 23 22 21 20 235 234
 109 110 111 104 105 106 107 100 101 102 103 96 97 98 99 124 125 126 127 120 121 122 123 116 117 118 119 112 113 114 115 76 77 78 79 72 73 74 75 68 69 70 71 64 65 66 67 92 93 94 95 88 89 90 91 84 85 86 87 80 81 82 83 44 45 46 47 40 41 42 43 36 37 38 39 32 33 34 35 60 61 62 63 56 57 58 59 52 53 54 55 48 49 50 51 12 13 14 15  8  9 10 11  4  5  6  7  0  1  2  3 28 29 30 31 24 25 26 27 20 21 22 23 16 17 18 19 236 237
 108 111 110 105 104 107 106 101 100 103 102 97 96 99 98 125 124 127 126 121 120 123 122 117 116 119 118 113 112 115 114 77 76 79 78 73 72 75 74 69 68 71 70 65 64 67 66 93 92 95 94 89 88 91 90 85 84 87 86 81 80 83 82 45 44 47 46 41 40 43 42 37 36 39 38 33 32 35 34 61 60 63 62 57 56 59 58 53 52 55 54 49 48 51 50 13 12 15 14  9  8 11 10  5  4  7  6  1  0  3  2 29 28 31 30 25 24 27 26 21 20 23 22 17 16 19 18 237 236
 111 108 109 106 107 104 105 102 103 100 101 98 99 96 97 126 127 124 125 122 123 120 121 118 119 116 117 114 115 112 113 78 79 76 77 74 75 72 73 70 71 68 69 66 67 64 65 94 95 92 93 90 91 88 89 86 87 84 85 82 83 80 81 46 47 44 45 42 43 40 41 38 39 36 37 34 35 32 33 62 63 60 61 58 59 56 57 54 55 52 53 50 51 48 49 14 15 12 13 10 11  8  9  6  7  4  5  2  3  0  1 30 31 28 29 26 27 24 25 22 23 20 21 18 19 16 17 238 239
 110 109 108 107 106 105 104 103 102 101 100 99 98 97 96 127 126 125 124 123 122 121 120 119 118 117 116 115 114 113 112 79 78 77 76 75 74 73 72 71 70 69 68 67 66 65 64 95 94 93 92 91 90 89 88 87 86 85 84 83 82 81 80 47 46 45 44 43 42 41 40 39 38 37 36 35 34 33 32 63 62 61 60 59 58 57 56 55 54 53 52 51 50 49 48 15 14 13 12 11 10  9  8  7  6  5  4  3  2  1  0 31 30 29 28 27 26 25 24 23 22 21 20 19 18 17 16 239 238
 113 114 115 116 117 118 119 120 121 122 123 124 125 126 127 96 97 98 99 100 101 102 103 104 105 106 107 108 109 110 111 80 81 82 83 84 85 86 87 88 89 90 91 92 93 94 95 64 65 66 67 68 69 70 71 72 73 74 75 76 77 78 79 48 49 50 51 52 53 54 55 56 57 58 59 60 61 62 63 32 33 34 35 36 37 38 39 40 41 42 43 44 45 46 47 16 17 18 19 20 21 22 23 24 25 26 27 28 29 30 31  0  1  2  3  4  5  6  7  8  9 10 11 12 13 14 15 240 241
 112 115 114 117 116 119 118 121 120 123 122 125 124 127 126 97 96 99 98 101 100 103 102 105 104 107 106 109 108 111 110 81 80 83 82 85 84 87 86 89 88 91 90 93 92 95 94 65 64 67 66 69 68 71 70 73 72 75 74 77 76 79 78 49 48 51 50 53 52 55 54 57 56 59 58 61 60 63 62 33 32 35 34 37 36 39 38 41 40 43 42 45 44 47 46 17 16 19 18 21 20 23 22 25 24 27 26 29 28 31 30  1  0  3  2  5  4  7  6  9  8 11 10 13 12 15 14 241 240
 115 112 113 118 119 116 117 122 123 120 121 126 127 124 125 98 99 96 97 102 103 100 101 106 107 104 105 110 111 108 109 82 83 80 81 86 87 84 85 90 91 88 89 94 95 92 93 66 67 64 65 70 71 68 69 74 75 72 73 78 79 76 77 50 51 48 49 54 55 52 53 58 59 56 57 62 63 60 61 34 35 32 33 38 39 36 37 42 43 40 41 46 47 44 45 18 19 16 17 22 23 20 21 26 27 24 25 30 31 28 29  2  3  0  1  6  7  4  5 10 11  8  9 14 15 12 13 242 243
 114 113 112 119 118 117 116 123 122 121 120 127 126 125 124 99 98 97 96 103 102 101 100 107 106 105 104 111 110 109 108 83 82 81 80 87 86 85 84 91 90 89 88 95 94 93 92 67 66 65 64 71 70 69 68 75 74 73 72 79 78 77 76 51 50 49 48 55 54 53 52 59 58 57 56 63 62 61 60 35 34 33 32 39 38 37 36 43 42 41 40 47 46 45 44 19 18 17 16 23 22 21 20 27 26 25 24 31 30 29 28  3  2  1  0  7  6  5  4 11 10  9  8 15 14 13 12 243 242
 117 118 119 112 113 114 115 124 125 126 127 120 121 122 123 100 101 102 103 96 97 98 99 108 109 110 111 104 105 106 107 84 85 86 87 80 81 82 83 92 93 94 95 88 89 90 91 68 69 70 71 64 65 66 67 76 77 78 79 72 73 74 75 52 53 54 55 48 49 50 51 60 61 62 63 56 57 58 59 36 37 38 39 32 33 34 35 44 45 46 47 40 41 42 43 20 21 22 23 16 17 18 19 28 29 30 31 24 25 26 27  4  5  6  7  0  1  2  3 12 13 14 15  8  9 10 11 244 245
 116 119 118 113 112 115 114 125 124 127 126 121 120 123 122 101 100 103 102 97 96 99 98 109 108 111 110 105 104 107 106 85 84 87 86 81 80 83 82 93 92 95 94 89 88 91 90 69 68 71 70 65 64 67 66 77 76 79 78 73 72 75 74 53 52 55 54 49 48 51 50 61 60 63 62 57 56 59 58 37 36 39 38 33 32 35 34 45 44 47 46 41 40 43 42 21 20 23 22 17 16 19 18 29 28 31 30 25 24 27 26  5  4  7  6  1  0  3  2 13 12 15 14  9  8 11 10 245 244
 119 116 117 114 115 112 113 126 127 124 125 122 123 120 121 102 103 100 101 98 99 96 97 110 111 108 109 106 107 104 105 86 87 84 85 82 83 80 81 94 95 92 93 90 91 88 89 70 71 68 69 66 67 64 65 78 79 76 77 74 75 72 73 54 55 52 53 50 51 48 49 62 63 60 61 58 59 56 57 38 39 36 37 34 35 32 33 46 47 44 45 42 43 40 41 22 23 20 21 18 19 16 17 30 31 28 29 26 27 24 25  6  7  4  5  2  3  0  1 14 15 12 13 10 11  8  9 246 247
 118 117 116 115 114 113 112 127 126 125 124 123 122 121 120 103 102 101 100 99 98 97 96 111 110 109 108 107 106 105 104 87 86 85 84 83 82 81 80 95 94 93 92 91 90 89 88 71 70 69 68 67 66 65 64 79 78 77 76 75 74 73 72 55 54 53 52 51 50 49 48 63 62 61 60 59 58 57 56 39 38 37 36 35 34 33 32 47 46 45 44 43 42 41 40 23 22 21 20 19 18 17 16 31 30 29 28 27 26 25 24  7  6  5  4  3  2  1  0 15 14 13 12 11 10  9  8 247 246
 121 122 123 124 125 126 127 112 113 114 115 116 117 118 119 104 105 106 107 108 109 110 111 96 97 98 99 100 101 102 103 88 89 90 91 92 93 94 95 80 81 82 83 84 85 86 87 72 73 74 75 76 77 78 79 64 65 66 67 68 69 70 71 56 57 58 59 60 61 62 63 48 49 50 51 52 53 54 55 40 41 42 43 44 45 46 47 32 33 34 35 36 37 38 39 24 25 26 27 28 29 30 31 16 17 18 19 20 21 22 23  8  9 10 11 12 13 14 15  0  1  2  3  4  5  6  7 248 249
 120 123 122 125 124 127 126 113 112 115 114 117 116 119 118 105 104 107 106 109 108 111 110 97 96 99 98 101 100 103 102 89 88 91 90 93 92 95 94 81 80 83 82 85 84 87 86 73 72 75 74 77 76 79 78 65 64 67 66 69 68 71 70 57 56 59 58 61 60 63 62 49 48 51 50 53 52 55 54 41 40 43 42 45 44 47 46 33 32 35 34 37 36 39 38 25 24 27 26 29 28 31 30 17 16 19 18 21 20 23 22  9  8 11 10 13 12 15 14  1  0  3  2  5  4  7  6 249 248
 123 120 121 126 127 124 125 114 115 112 113 118 119 116 117 106 107 104 105 110 111 108 109 98 99 96 97 102 103 100 101 90 91 88 89 94 95 92 93 82 83 80 81 86 87 84 85 74 75 72 73 78 79 76 77 66 67 64 65 70 71 68 69 58 59 56 57 62 63 60 61 50 51 48 49 54 55 52 53 42 43 40 41 46 47 44 45 34 35 32 33 38 39 36 37 26 27 24 25 30 31 28 29 18 19 16 17 22 23 20 21 10 11  8  9 14 15 12 13  2  3  0  1  6  7  4  5 250 251
 122 121 120 127 126 125 124 115 114 113 112 119 118 117 116 107 106 105 104 111 110 109 108 99 98 97 96 103 102 101 100 91 90 89 88 95 94 93 92 83 82 81 80 87 86 85 84 75 74 73 72 79 78 77 76 67 66 65 64 71 70 69 68 59 58 57 56 63 62 61 60 51 50 49 48 55 54 53 52 43 42 41 40 47 46 45 44 35 34 33 32 39 38 37 36 27 26 25 24 31 30 29 28 19 18 17 16 23 22 21 20 11 10  9  8 15 14 13 12  3  2  1  0  7  6  5  4 251 250
 125 126 127 120 121 122 123 116 117 118 119 112 113 114 115 108 109 110 111 104 105 106 107 100 101 102 103 96 97 98 99 92 93 94 95 88 89 90 91 84 85 86 87 80 81 82 83 76 77 78 79 72 73 74 75 68 69 70 71 64 65 66 67 60 61 62 63 56 57 58 59 52 53 54 55 48 49 50 51 44 45 46 47 40 41 42 43 36 37 38 39 32 33 34 35 28 29 30 31 24 25 26 27 20 21 22 23 16 17 18 19 12 13 14 15  8  9 10 11  4  5  6  7  0  1  2  3 252 253
 124 127 126 121 120 123 122 117 116 119 118 113 112 115 114 109 108 111 110 105 104 107 106 101 100 103 102 97 96 99 98 93 92 95 94 89 88 91 90 85 84 87 86 81 80 83 82 77 76 79 78 73 72 75 74 69 68 71 70 65 64 67 66 61 60 63 62 57 56 59 58 53 52 55 54 49 48 51 50 45 44 47 46 41 40 43 42 37 36 39 38 33 32 35 34 29 28 31 30 25 24 27 26 21 20 23 22 17 16 19 18 13 12 15 14  9  8 11 10  5  4  7  6  1  0  3  2 253 252
 127 124 125 122 123 120 121 118 119 116 117 114 115 112 113 110 111 108 109 106 107 104 105 102 103 100 101 98 99 96 97 94 95 92 93 90 91 88 89 86 87 84 85 82 83 80 81 78 79 76 77 74 75 72 73 70 71 68 69 66 67 64 65 62 63 60 61 58 59 56 57 54 55 52 53 50 51 48 49 46 47 44 45 42 43 40 41 38 39 36 37 34 35 32 33 30 31 28 29 26 27 24 25 22 23 20 21 18 19 16 17 14 15 12 13 10 11  8  9  6  7  4  5  2  3  0  1 254 255
 126 125 124 123 122 121 120 119 118 117 116 115 114 113 112 111 110 109 108 107 106 105 104 103 102 101 100 99 98 97 96 95 94 93 92 91 90 89 88 87 86 85 84 83 82 81 80 79 78 77 76 75 74 73 72 71 70 69 68 67 66 65 64 63 62 61 60 59 58 57 56 55 54 53 52 51 50 49 48 47 46 45 44 43 42 41 40 39 38 37 36 35 34 33 32 31 30 29 28 27 26 25 24 23 22 21 20 19 18 17 16 15 14 13 12 11 10  9  8  7  6  5  4  3  2  1  0 255 254
 129 130 131 132 133 134 135 136 137 138 139 140 141 142 143 144 145 146 147 148 149 150 151 152 153 154 155 156 157 158 159 160 161 162 163 164 165 166 167 168 169 170 171 172 173 174 175 176 177 178 179 180 181 182 183 184 185 186 187 188 189 190 191 192 193 194 195 196 197 198 199 200 201 202 203 204 205 206 207 208 209 210 211 212 213 214 215 216 217 218 219 220 221 222 223 224 225 226 227 228 229 230 231 232 233 234 235 236 237 238 239 240 241 242 243 244 245 246 247 248 249 250 251 252 253 254 255  0  1
 128 131 130 133 132 135 134 137 136 139 138 141 140 143 142 145 144 147 146 149 148 151 150 153 152 155 154 157 156 159 158 161 160 163 162 165 164 167 166 169 168 171 170 173 172 175 174 177 176 179 178 181 180 183 182 185 184 187 186 189 188 191 190 193 192 195 194 197 196 199 198 201 200 203 202 205 204 207 206 209 208 211 210 213 212 215 214 217 216 219 218 221 220 223 222 225 224 227 226 229 228 231 230 233 232 235 234 237 236 239 238 241 240 243 242 245 244 247 246 249 248 251 250 253 252 255 254  1  0
