100
1 1
3 4
5 5
15 15
100 100
66 100
18 57
3 82
47 80
13 45
80 87
28 29
21 62
47 59
3 51
2 14
81 91
28 63
19 36
21 44
32 48
34 45
25 66
20 47
68 99
3 84
10 42
48 89
1 10
24 31
10 13
5 7
60 86
49 56
23 36
33 50
2 2
22 63
11 18
27 30
40 93
24 95
58 62
67 85
72 78
41 47
21 48
16 45
42 78
52 58
7 50
67 96
1 1
50 70
7 19
8 38
13 64
15 49
14 20
17 48
20 39
11 51
53 85
31 86
25 41
18 89
32 99
19 75
53 57
72 84
49 96
29 97
12 18
2 16
14 90
8 21
42 88
13 19
48 52
4 11
99 100
5 5
2 9
28 70
22 42
63 89
37 38
43 56
65 81
6 28
76 76
44 61
4 5
3 39
59 90
21 60
16 100
10 90
4 46
66 77
