100
771 981 756
800 851 822
437 158 77
654 248 89
3 4 2
5 5 3
267 640 562
615 672 222
36 242 24
533 561 735
416 434 373
472 429 370
424 669 400
467 374 990
475 129 116
5 3 3
378 40 34
990 291 815
4 2 2
226 427 971
118 920 276
970 829 237
1 1 1000
1 5 1
512 512 1
777 331 992
1 4 1
244 818 170
750 539 689
271 811 58
733 200 56
512 512 513
504 816 111
911 889 677
1 1 1
512 512 2
5 4 5
1000 1000 1
923 149 81
513 513 1
789 21 799
736 412 597
5 2 2
1 4 2
936 554 4
997 855 148
221 908 10
2 5 5
941 993 1000
4 3 3
4 3 3
540 700 881
513 513 256
4 3 5
616 647 872
13 814 8
920 598 942
508 1000 683
103 143 88
513 513 257
892 255 229
5 5 5
1 5 1
561 33 303
512 512 257
579 385 47
980 140 877
1 1 1
3 3 4
576 255 598
3 393 3
825 983 64
45 56 35
513 513 512
374 256 143
4 2 1
1 5 1
414 98 13
960 905 124
537 66 241
512 512 256
209 832 369
505 916 338
375 16 7
710 919 842
513 513 2
5 4 5
7 8 5
263 492 204
851 176 117
958 352 982
90 754 3
1 5 1
4 5 2
256 500 938
336 635 20
477 81 51
905 927 955
512 198 103
726 167 122
