97
7 41
6 56
6 9
4 6505
2 1
7 6982
6 4540
10 16968
6 5025
4 1
8 931
8 2450
6 55153
4 9
3 1
10 6777
7 1779
9 9810
5 41705
10 3924
5 9
6 97
8 229
6 80
10 5908
2 3
10 20736
4 11
6 63247
6 96
5 62482
3 6
4 14
5 6
3 4
5 4601
10 9806
9 2667
10 3736
9 44
5 38
6 49957
8 43177
7 25667
5 27
5 3450
4 1
10 100000
8 443
9 2885
8 2792
7 1659
4 40776
7 327
1 2
9 10409
5 16028
10 1395
10 15652
8 1331
10 16884
9 9827
10 15817
4 13
6 62014
5 20
7 260
4 11
5 44699
10 7722
4 12
3 2
8 139
2 2
10 774
5 17
6 113
5 31
10 37887
4 53368
5 27
5 2
7 396
7 40497
3 3
4 9
4 40054
7 96
10 8124
10 1320
4 71849
3 5
8 743
4 2570
7 320
1 1
5 6
