97
4 9
4 1
7 2889
6 38
7 262
5 2
9 2824
8 4569
5 35
4 2904
10 47388
5 14
4 5
5 12
4 7
4 2
9 5840
4 5
7 379
7 71453
5 3776
6 78
9 1673
9 2484
4 6
3 4
6 4714
4 7
7 353
7 28
10 20941
10 20336
5 29
8 5304
8 30
6 68
9 5970
10 11061
6 61262
9 29435
4 12
1 1
9 4578
2 3
9 4681
1 2
6 124
10 16084
3 2
5 36
8 113
5 67108
7 54697
9 13
9 1889
10 18403
6 103
5 36
8 642
10 3250
8 1250
8 461
4 10
10 16326
3 3
4 12
5 2
4 13
9 16850
3 5
5 57120
7 3151
4 24224
4 24283
4 4
7 5902
3 6
2 1
4 3751
10 2380
2 2
5 9
7 140
3 1
9 1233
6 5875
5 39164
5 9
5 5742
6 26
10 100000
9 346
5 15
6 89
4 12
6 62973
5 66858
