97
10 9533
7 3398
3 3
9 1090
4 31595
7 49
7 33959
8 6513
6 7178
9 4614
6 63
8 1416
3 1
10 3500
9 838
5 1089
7 9183
10 18654
3 2
10 9495
9 20324
2 3
8 8425
4 7341
5 27
6 83
5 3263
6 83
7 424
6 13687
5 25
1 2
10 100000
9 4200
4 649
9 1285
4 14
4 10
10 23932
8 14
10 40193
9 1301
4 3
9 2732
2 1
10 56211
7 74293
4 11
7 154
6 28
5 12
8 1674
5 51260
5 23
4 12
5 12
7 2731
9 1651
3 4
1 1
7 161
5 17
6 65363
9 4380
5 12928
9 4634
3 6
8 40618
7 56
10 7240
2 2
7 78
6 68
8 804
8 17660
4 3
10 31579
5 32
9 6139
8 64
5 18
9 7786
6 6
3 5
6 100
10 9316
7 329
6 58
4 8
5 22
4 11
6 253
5 45667
10 22739
5 38
9 2493
9 4371
