100
100 3311
27926 31237 34279 37590 40901 34548 43438 46749 48613 50194 52356 58860 59751 62538 71081 79080 82391 81959 90373 93684 96995 85270 88581 95788 99099 102410 85702 74392 77703 65849 69160 100602 103913 107224 110535 113846 107224 111778 119159 122470 122971 126282 129593 125781 115089 129079 132276 135587 142191 142948 146259 143667 145947 149258 152569 146978 151871 156496 164478 171332 174643 174809 178120 181431 177954 167789 171100 159807 163118 155182 158493 150289 149570 145502 148813 138898 132390 135701 118400 63062 66373 62171 65482 55667 58978 53505 56816 51924 55235 50060 250587 257584 272874 280180 271061 24501 61579 63140 52988 31141
100 2292
189312 191604 193896 194285 196577 202780 205072 207364 205493 207785 210077 198869 213715 214464 216756 217252 219544 225857 232402 238575 240867 243159 234694 236986 239112 247841 250133 253997 254843 257135 258882 261174 263466 259427 259165 265452 267744 270036 261457 263749 256289 258581 252425 241404 243696 228149 230441 221836 224128 219544 221836 219048 216007 218299 350839 181866 189317 196768 202385 208908 217666 226424 211143 219901 209432 218190 226948 332445 340778 339709 330431 323246 310778 302061 291875 273664 281997 262092 256494 247806 256139 243434 251767 235484 243817 225830 234163 224504 232837 215833 224166 211756 220089 213474 201301 209634 201167 209500 205625 89858
100 3982
69586 74041 82257 86239 94198 98189 104355 111702 115684 119666 108337 121399 123120 129750 133607 140434 144416 143083 147065 151047 144422 148404 152386 148398 137589 141571 133732 137714 127102 131084 125381 129363 112319 102171 106153 98180 102162 90221 94203 86239 90221 78023 82005 73568 77550 137431 128741 156986 157228 157470 170554 176911 183268 174611 180968 187325 220320 229392 238464 97198 103575 99173 88157 219522 223091 229448 235805 228145 232203 238560 244917 234502 240859 225879 232236 236286 242643 249000 285170 289798 246833 253190 255935 262292 268649 259547 227893 162795 143887 263375 269732 276089 148982 143374 136484 111484 89381 70795 80221 60763
100 5193
73116 78309 83502 171595 87478 92671 97864 117780 108006 99602 104795 105909 111102 113901 119094 124287 116295 109988 108758 100124 94427 174484 77475 86861 137068 142261 147454 110040 119426 146749 152079 157272 162465 151942 157135 157027 162220 164857 170050 168674 173867 179060 175243 167413 172606 162220 167413 226911 231361 178284 183477 188670 180455 185648 190841 245106 249556 254006 232028 226991 206602 258193 262643 267093 191862 209007 214200 219393 180700 187623 176796 164210 171133 154755 161678 153615 160538 144871 151794 143121 150044 134417 141340 132472 139395 135652 131108 118481 125404 109346 116269 114147 107572 191382 196282 185965 190865 187724 170613 80170
100 3820
36064 37884 39647 40230 40871 44691 44822 48642 52462 56282 61260 65080 68900 68861 76863 86168 89988 93808 80683 84503 72681 87032 90852 95802 98289 98470 102290 106110 102109 105929 99622 103442 94672 76501 60102 52462 48511 44050 47870 43467 47287 41704 45524 39884 43704 86109 86134 81054 76874 69625 69650 61299 61324 209574 218801 228028 213985 223212 232439 41331 135125 125034 134378 115935 125279 114902 105940 104959 97099 503846 508724 513602 110919 101057 104182 97668 100793 91442 94567 83762 86887 270324 277111 283898 71832 67635 70760 243860 245429 249299 253169 74470 72575 74116 66686 68227 58270 53005 54546 48344
100 5591
19940 24794 30385 35976 25531 25184 34807 40398 45989 30775 36366 31122 279738 281953 282250 282547 280035 69154 74745 80336 77391 82982 88573 94164 82982 88573 240119 214533 211731 212951 102365 111563 120761 111099 103138 112336 121534 60673 55759 55814 46169 46224 43482 159950 167525 175100 167772 175347 182922 25482 25537 148537 149316 150095 151613 152392 153171 37112 29523 207907 215482 210602 211844 219419 215776 223351 230926 226994 218177 225752 223057 84991 72266 76624 71224 75582 65353 69711 62857 67215 62934 50633 54991 49373 35569 39927 24984 29342 23679 28037 276542 278847 278781 281086 283391 281152 272289 369318 39736 72233
100 7351
58036 65387 72738 77232 77421 69887 76698 84049 78767 86118 93469 91400 86340 93691 101042 96024 101894 107764 98309 92879 100230 99394 106745 114096 107581 72253 78123 272349 277293 119420 126771 134122 283867 140903 131535 141180 146815 154166 161517 148531 155882 107651 162929 157232 164919 172270 179621 174917 182268 189619 196970 182268 189619 164583 171934 102530 194496 202799 210150 217501 201847 209198 68826 217909 224270 218621 216711 220672 227033 233394 198578 203424 229085 235446 241807 197098 187362 180905 185751 173479 178325 277161 315849 312746 276826 283187 289548 279859 286220 292581 300544 93359 306059 312023 308845 314809 320773 317987 69382 71463
100 730
34778 35508 36238 36968 35972 36702 37432 35508 36238 40695 43163 43525 49363 55780 58866 59335 60065 68708 78645 79375 80105 69438 70168 60795 59596 60326 56510 57240 50093 50823 44255 44985 43893 44623 41425 42155 391191 141494 147814 154134 141071 122400 128720 117564 201632 203232 204832 202039 203639 205239 205335 206935 211215 212202 213802 215402 212815 214415 208535 194867 189127 181765 183365 181990 204939 211259 213825 220145 226465 217579 173510 175110 172675 113654 103354 104954 93612 95212 134642 127902 121087 125750 118186 108053 112716 107592 112255 109826 92401 97064 90380 95043 83573 276438 281558 283009 284460 277889 42545 44626
100 8472
116987 125459 119690 128162 124741 133213 141685 136634 133931 131154 135134 143606 136698 145170 153642 152078 140025 148453 155566 164038 158229 159547 160018 166296 174768 182119 190591 199063 182713 191185 199657 183240 191712 174768 183240 168490 176962 168019 176491 166701 175173 172510 156925 165397 148497 156969 139626 148098 151069 163313 158747 164388 156527 164452 172377 137477 163267 171192 179117 175547 179777 193896 199537 190888 198813 191667 199592 207517 206738 235038 197457 201687 205917 228321 235820 188449 176688 184187 94851 91602 94304 85604 88306 79079 81781 73012 75714 71509 60521 63223 134715 138808 125711 129804 116496 120589 120313 106436 110529 87839
100 5461
141286 146747 145068 150529 155300 160761 166222 158001 159407 160545 167277 172738 178199 166006 168044 173505 173885 179346 176893 182354 187815 184592 190053 195514 184750 190211 195672 194281 199742 201926 211432 216893 222354 207387 212848 215807 221268 226729 205203 184807 216466 224726 230187 228153 228301 233762 239223 233614 239075 235648 221927 227388 178966 171467 164868 170329 163462 168923 155990 161451 150529 155990 152208 39738 22927 30700 70683 79517 70850 129212 138396 127467 136651 135171 102656 77577 86761 75639 84823 65635 74819 60284 69468 68694 56032 65216 56940 38974 48158 32051 41235 36827 27954 18969 16711 15581 64631 54700 61533 55550
100 7456
30324 118350 125543 153938 161394 168850 176306 161394 168850 144757 151950 143211 166865 174321 181777 92069 84946 93858 89231 92229 101141 110053 98143 96109 97999 98546 107458 104527 113439 122351 116370 106911 115823 105021 113933 107055 102770 100981 86248 95160 77393 86305 45223 31368 152393 161813 171233 122095 58055 43859 264042 271563 144894 152713 156667 160544 164498 168452 160621 148848 152802 160594 164548 164880 172539 176493 180447 168834 172788 179166 183120 187074 168502 206896 198655 206529 207920 208362 207936 210513 214467 219147 227511 231465 235419 232651 236605 240559 223101 227055 218421 242414 246368 250322 90759 63425 69913 58019 64507 51827
100 4065
1451 5516 2944 7009 11074 9568 13633 19343 23408 27473 22744 27545 36480 39153 40212 42290 46355 50420 53219 60048 68438 72503 76568 71147 75212 80454 83279 87344 91409 84519 88584 79277 64113 68178 57284 61349 54485 46355 50420 44277 48342 43218 47283 40545 44610 31610 35675 26809 30874 17698 9581 407760 410567 414497 417304 420111 127307 136468 426273 429080 431887 432204 440993 443800 448697 451504 457589 460396 463203 454311 446607 435011 437818 457676 460483 463290 464017 466824 469631 230122 237837 185104 190071 191391 192711 186424 187744 250260 247433 249102 496489 499296 502103 233867 225951 227620 384048 377338 382300 15090
100 2827
13552 16379 19206 41095 30961 38887 27246 35172 32682 50386 60048 63578 70753 51125 53952 56779 74802 83601 66529 67300 70127 72954 75781 73508 76335 79162 78608 72954 69356 72183 94554 103353 95200 103999 112798 112152 77646 59185 67984 57241 52828 53802 217423 226026 230890 239378 247866 120897 129696 138495 130308 139107 147906 158462 164074 190883 191213 144791 150020 158819 153410 162209 171008 167618 153590 162389 237916 163265 172064 180863 104230 250355 250685 251015 92739 80937 86549 57659 47619 48060 31802 26812 27253 19240 13249 8935 9216 239631 243904 245480 249753 254026 254672 258945 263218 248177 261532 21990 26528 62029
100 6228
29763 39558 47540 53768 59996 45786 55964 62192 68420 62035 68263 74491 80719 68263 74491 52014 35991 42219 63283 70503 107117 112863 110446 66684 73904 81124 116192 121938 145527 114847 120593 126339 137241 127970 128246 139399 149144 132884 131194 140939 150684 295172 297560 163495 169241 173046 178792 184538 174987 200714 200990 312978 175856 185601 208498 208774 209050 195346 331178 217105 217381 217657 334954 337469 233290 233566 233842 339984 318280 320795 315493 318008 307275 309790 309247 305790 308305 303293 305808 304436 302590 297687 300202 292182 287578 272835 250377 307077 310902 303221 307046 309574 313399 317224 274860 259819 273174 33632 38170 73671
100 7463
83712 84063 87345 89993 97456 104919 112382 104696 109637 117100 110410 117873 125336 124563 114731 122194 121517 128980 130212 137675 145138 136443 129657 112159 119622 97456 104919 94808 102271 91526 98989 91175 98638 157967 160746 163863 165062 167841 170620 170714 177065 303230 303789 304348 305408 305967 306526 189132 191911 193038 195817 198596 194690 179844 182623 173493 176272 166642 169421 163525 217224 221343 200590 203369 209008 211787 214566 206148 266736 266969 234067 229931 219884 224003 215628 219747 216495 210731 206539 197279 190158 178122 166275 170394 167696 155650 159769 138580 128336 132455 123939 121071 111405 115524 97035 101154 186852 176464 184461 115594
100 2243
96688 98931 106506 108749 110992 101174 104962 104962 108196 112180 112180 112180 108196 114688 114688 114688 108196 100118 205913 205913 205913 198365 190713 190713 188228 206437 206437 207608 207608 208550 212050 212050 212050 216129 216129 216790 216790 218761 224406 224406 224406 218761 218761 216790 216129 208550 208550 207608 206437 188228 185260 185260 185135 185135 183004 183004 179181 206985 206985 203664 212711 212711 212711 203664 112244 112244 112244 102583 102583 112245 117118 124929 128795 128795 128795 124929 124929 117118 117118 128796 98527 101067 101067 105269 105269 105269 101067 98527 98527 105270 105271 106486 109969 109969 109969 114214 114214 114214 106486 106486
100 2376
78570 88464 90840 91534 93910 100677 104308 106684 110815 111175 115458 117834 120210 113551 115927 113191 119716 122092 124468 115567 109060 103053 105429 96286 93216 80946 83322 119717 85213 89571 91947 94323 87589 89965 93824 103038 108062 108270 109954 112330 114395 116771 119147 114706 110646 113022 110438 112814 117837 123242 123829 126205 132793 135928 135977 138353 140729 142229 149064 151440 151687 154063 156439 153816 144605 160253 162629 160371 168356 171482 177958 183490 185866 191047 193423 195799 188242 180334 182710 173858 176234 170732 173108 162747 165123 165005 146981 138304 140680 135169 137545 128581 125618 127994 120213 122589 105414 107790 96200 98576
100 7679
22072 31328 32756 40435 48114 39007 46686 29751 37430 32757 24868 34575 42254 49933 32547 40226 39914 48211 49502 57181 64860 57200 64879 72558 55890 63569 47593 55272 67084 74506 82185 89864 80338 88017 95696 74763 82442 80339 86626 95293 100269 106480 112022 114213 114744 122423 130102 121892 129571 119701 127380 114159 121838 107948 115627 102972 110651 94305 101984 114745 120347 122500 131684 134186 141865 149544 139363 147042 130179 135428 143107 150786 137858 139219 146898 141442 149121 156800 154577 128026 135705 144986 153643 158018 165697 162259 169165 171509 179188 186867 176844 184523 169938 177617 173376 161322 169001 152665 160344 171510
100 7464
192090 199554 207018 192091 195766 203230 210694 195767 41764 49228 56692 41765 45986 53450 60914 45987 52638 60102 67566 52639 61708 69172 76636 61709 65554 73018 80482 65555 66578 74042 81506 66579 44874 52338 59802 44875 53750 61214 68678 53751 47584 55048 62512 47585 50889 58353 65817 50890 60390 67854 75318 60391 46814 54278 61742 46815 49435 56899 64363 49436 43548 51012 58476 43549 44648 52112 59576 44649 47161 54625 62089 47162 45070 52534 59998 45071 54687 62151 69615 54688 42217 49681 57145 42218 42741 50205 57669 42742 44742 52206 59670 44743 45891 53355 60819 45892 50089 57553 65017 50090
100 9437
181685 189149 196613 50338 59775 59969 69406 78843 69212 38823 46287 35664 45101 42270 51707 61144 54538 49697 57161 42234 51303 58767 66231 51304 60814 70251 79688 62145 71582 81019 71101 37745 47182 56619 49397 34470 43345 50809 58273 43346 54652 64089 73526 37180 40484 47948 55412 73762 83199 92636 81812 91249 100686 87305 96742 106179 39030 46494 53958 39031 33143 40607 48071 33144 34243 41707 139896 149333 158770 44220 146949 156386 165823 42129 49593 34666 44282 51746 59210 44283 39869 49306 42398 51835 61272 58743 47264 32337 34337 41801 49265 34338 35486 42950 50414 35487 39684 47148 54612 39685
100 9426
10593 18913 28339 37765 18913 31323 34282 43708 53134 40749 34282 47648 54508 63934 73360 57074 54508 62038 71464 65405 74831 84257 65405 71152 80578 90004 72880 82306 72880 81691 86018 95444 104870 91117 86018 99475 100302 109728 119154 108901 100302 112249 115884 125310 134736 121675 115884 133698 143124 152550 134692 144118 134692 144930 150737 160163 169589 154356 150737 164917 171750 181176 190602 174343 171750 183272 189139 198565 207991 192698 189139 203774 208857 218283 227709 213200 208857 223135 232561 228362 237788 247214 228362 244876 254302 263728 254066 263492 254066 262107 271533 271033 280459 289885 280959 275570 276154 285580 295006 284996
100 3400
7211 10611 14011 7211 15485 18044 21444 24844 18885 18044 35964 45248 48648 52048 39364 45248 63651 65072 68472 71872 67051 65072 74504 83526 86926 90326 77904 83526 95940 99340 104175 107575 110975 104175 110659 119149 122549 125949 114059 119149 134826 138226 141626 136367 139767 136367 139456 142856 143341 146741 150141 143341 152810 156210 159610 159611 163011 159611 174175 177575 179567 182967 186367 179567 184657 192474 195874 199274 188057 192474 209647 213047 213466 216866 220266 213466 228768 232168 235329 238729 242129 235329 239739 243139 246539 241404 244804 241404 258284 263862 273369 278790 282190 285590 276769 280169 267262 270662 261684 265084
100 2512
6263 12671 15183 17695 22111 23095 25607 28119 24623 27135 23095 27777 32706 41393 43905 46417 35218 37730 30289 32801 41393 49063 51575 53488 56000 58512 59505 62017 64529 54087 59505 66883 69395 71554 74066 76578 73970 76482 78994 71907 73970 87874 90386 92986 95498 96481 98993 101505 98010 92898 96481 104536 107048 110312 112824 113380 115892 118404 115336 109560 113380 116081 118593 122893 132813 135325 137837 125405 127917 121105 132813 138793 146893 149405 153398 155910 158422 151917 141305 143817 153398 169280 170627 174267 176779 179291 173139 175651 171792 174304 174267 189694 199373 201278 203790 206302 201885 204397 192206 194718
100 2245
12660 14905 12660 25019 25546 27791 30036 27264 25546 38128 45719 47964 50209 40373 45719 56713 58958 58488 60733 62978 58488 62945 72438 74683 76928 65190 72438 81828 84073 89128 91373 93618 89128 93672 103028 105273 107518 95917 103028 105565 107810 112484 114729 116974 112484 124604 126849 126453 128698 130943 126453 137597 138411 140656 142901 139842 138411 149701 155499 157744 159989 151946 155499 165504 165772 168017 170262 167749 165772 180919 182714 184959 187204 183164 182714 199429 201674 203919 208744 210989 208744 214743 215171 217416 219661 216988 215171 217828 218074 221373 223618 226813 229058 231303 232994 235239 237484 225863 220319 222564
100 9661
16708 19150 28811 38472 26369 36030 19150 25376 29322 36708 46369 56030 38983 48644 35037 40206 46906 56567 66228 49867 51260 58162 67823 77484 60921 70582 58162 72122 81783 91444 79938 89599 85767 88551 98212 107873 95428 97263 98626 99781 109442 119103 108287 117948 106924 116585 99781 106170 114442 124156 133817 132143 137094 138112 147773 157434 142881 152542 162203 146755 156416 141804 151465 143478 124103 133764 142881 153871 163532 158333 165200 174861 184522 167994 170210 175488 175697 185358 195019 185149 194810 179871 189532 185184 194845 204506 185184 187316 196977 190753 193037 199608 207893 217554 227215 209269 218930 202698 212359 200414
100 4230
9088 13318 17548 9088 19205 23435 27665 28957 28957 39016 43246 47476 48882 48882 51573 55803 58585 62815 58585 63949 68179 70025 74255 70025 83245 87475 91705 91460 91460 98430 102660 106890 99794 99794 113159 115608 119838 124068 115608 120167 124397 128627 121442 121442 134945 141236 145466 149696 141236 152533 156763 160993 152624 152624 154859 164465 168695 172925 164465 176717 180947 183274 187504 183274 194552 204339 208569 212799 204339 215333 219563 220273 224503 220273 228800 237601 241831 246061 237601 254073 263372 267602 271832 263372 279314 284254 288484 292714 284254 292097 292269 296499 300729 292269 306544 310774 315087 319317 315087 334393
100 75
10738 10813 10888 10738 22425 22500 27667 27742 27667 37210 37285 45773 45848 45773 55390 55465 55540 58636 58636 67860 71355 71430 71505 71355 79827 82831 82906 82981 82831 97690 97765 100426 100501 100426 105715 105790 105865 110439 110439 120226 120301 124754 124829 124754 136435 146012 146087 146162 146012 162614 162689 162764 172300 172300 176610 176685 176760 185589 185589 191600 197118 197193 197268 197118 214184 214404 214479 214554 214404 223844 227050 227125 227200 227050 239313 239388 239463 246071 246071 257505 259326 259401 259476 259326 267663 272583 272658 272733 272583 277760 277835 282322 282397 282322 300579 300654 305598 305673 305598 309357
100 7790
11826 19616 27406 11826 19779 25544 33334 41124 27569 25544 36285 44075 38801 46591 54381 38801 46509 54299 62089 48831 56621 48831 50311 58101 51934 59724 67514 51934 57784 65574 64185 71975 79765 64185 72036 79826 87616 73698 81488 73698 86206 93996 96085 103875 111665 96085 106912 116474 124264 132054 114702 116474 126250 134040 133259 141049 148839 133259 137289 137411 145201 152991 145079 137411 144669 153856 161646 169436 152459 153856 160493 168283 168296 176086 183876 168296 182039 185656 193446 201236 189829 185656 189678 199592 207382 215172 197468 199592 217279 225069 226236 233126 233501 241291 249081 240916 248706 234026 241816 232859
100 4733
6835 9307 14040 14344 19077 14494 17161 19849 24582 29315 21894 26627 19227 23960 27526 35982 40715 45448 32259 36992 35982 45906 50639 55372 55093 58274 63007 67740 59826 64559 63838 65499 70232 73660 78393 83126 79866 84599 89332 74965 79866 92418 97151 99452 104185 108918 103865 108598 113331 101884 103884 108617 104628 109361 114094 113350 108610 113343 118076 114142 114142 117994 126390 135713 145402 150135 146621 151354 146891 151624 156357 154800 159533 164266 156087 154868 140446 145179 131123 135856 154800 167482 172215 176948 175233 179966 184699 182232 187355 192570 198380 203113 207846 207043 211776 216509 197303 202036 192088 196821
100 8732
2650 11059 20001 28733 37465 20001 30069 38513 47245 55977 38513 54284 63016 71748 58307 58307 68978 70606 79338 88070 70606 81538 90270 86320 95052 86320 96459 100383 109115 117847 100383 115629 116793 125525 134257 116793 129873 138773 147505 156237 138773 145738 154470 163202 152170 152170 158159 164488 173220 181952 164488 167036 175768 176392 185124 176392 188595 197327 206059 189669 189669 199827 208559 217291 200578 200578 207151 214352 223084 231816 214352 223604 232336 232044 240776 232044 242487 249642 258374 267106 249642 261471 270203 265402 274134 265402 279654 285052 293784 302516 285052 288938 297670 306402 298551 298551 305266 307962 316694 325426
100 3133
11952 20831 23964 27097 20831 24324 27457 30590 26531 26531 44698 46340 49473 52606 46340 53122 55046 58179 61312 55046 65608 68741 71874 72159 72159 80679 83812 86945 89364 89364 93789 96922 102201 105334 102201 102892 106025 109158 105354 105354 121822 129827 132960 136093 129827 137759 141208 144341 147474 141208 153403 161551 164684 167817 161551 170347 173480 171143 174276 171143 182201 185334 190966 194099 190966 204660 207793 214417 217550 214417 230540 236666 239799 242932 236666 246116 248855 251988 255121 248855 261345 264478 267403 270536 267403 278987 282120 282388 285521 282388 297359 304285 307418 310551 304285 317708 318274 321407 324540 318274
100 4580
7353 20420 25000 22089 26669 22089 24602 34111 38691 43271 34111 49905 50883 55463 60043 50883 53093 57673 62359 66939 62359 72186 76766 81346 81687 81687 87396 91629 96209 100789 91629 100168 105073 109653 114233 105073 119235 126047 130627 135207 126047 144212 146598 151178 155758 146598 161933 165385 169965 174545 165385 174704 179284 183864 180758 180758 192349 196929 201509 195098 195098 200010 204590 209170 205306 205306 212452 217032 221612 215295 215295 219019 220415 224995 229575 220415 223752 228332 232912 228859 228859 240518 242188 246768 251348 242188 251040 251853 256433 261013 251853 262605 267683 272263 276843 267683 281249 285829 285140 289720
100 1327
1624 1624 11279 12100 13427 14754 13941 15268 16595 12606 13933 13941 20854 23878 31227 32554 33881 25205 26532 22181 23508 31227 37996 46153 55752 57079 58406 47480 48807 39323 40650 55752 59142 60469 61796 59270 60597 60723 62050 63377 61924 60723 71745 72847 74174 75501 74007 75334 76661 73072 74399 74007 87731 96676 98003 104996 106323 107650 99330 89058 90385 104996 116972 122244 123279 124606 125933 123571 124898 118299 119626 123279 136681 138008 144660 145987 152639 153966 155293 147314 139335 152639 169133 170460 176121 177448 178775 171787 183968 185295 186622 183968 194196 198610 206950 208277 209604 199937 201264 195523
100 8650
4434 13084 13609 22259 30909 21734 22703 22703 34914 43564 41458 43271 51921 60571 50108 58758 52214 43271 58790 65025 69827 78477 87127 73675 82325 67440 76090 69827 87721 96263 105644 114294 122944 104913 113563 96371 105021 105644 107853 116024 120770 129420 138070 124674 133324 116503 125153 120770 133694 142344 150994 138480 147130 146737 155387 164037 155780 146737 160659 168364 173186 181836 190486 177014 185664 169309 177959 173186 181913 188734 194432 203082 211732 197384 206034 190563 199213 194432 201180 206039 214689 223339 212310 220960 229610 209830 218480 212310 225780 227519 231349 239999 248649 236169 244819 234430 243080 231349 239929 248579
100 6315
12679 18994 12679 21453 27120 33435 39750 27768 27120 32272 34977 41292 47607 38587 34977 46739 47769 54084 60399 53054 47769 51322 52114 58429 64744 57637 52114 68133 68475 74790 81105 74448 68475 69893 75235 81550 87865 76208 75235 89031 95346 101661 93409 99724 93409 102763 103772 110087 116402 109078 103772 108810 115125 112800 119115 125430 112800 124086 126128 132443 138758 130401 126128 134183 140498 143911 150226 156541 143911 153361 154917 161232 167547 159676 154917 164755 165480 171795 178110 171070 165480 169404 172046 178361 184676 175719 172046 186425 190241 191929 193074 198331 204646 210961 199389 205704 198244 204559 196556 202871
100 626
10787 10787 25865 30926 31552 32178 26491 30926 40790 41416 45516 46142 46768 45516 57594 63504 64130 64756 58220 63504 82023 90786 91412 92038 82649 90786 102077 102703 110980 111606 112232 110980 117490 121354 121980 122606 118116 121354 130852 131478 133434 134060 134686 133434 140234 140860 141486 142946 143572 142946 160233 162656 163282 163908 160859 162656 175654 176280 176906 180929 181555 180929 193775 194731 195357 195983 194401 194731 207096 215527 216153 216779 207722 215527 224552 232190 232816 233442 225178 232190 242603 243229 248714 249340 249966 248714 258103 267026 267652 275535 278151 282006 282632 283258 278777 279403 276161 276787 268278 258729
100 1683
10817 13761 17025 18708 20391 15444 17127 12500 17025 33173 34074 35757 35623 37306 38989 37440 34856 36539 35623 45005 50133 58561 60244 61927 51816 53499 46688 48371 58561 67385 69068 70751 68835 70518 72201 78655 80338 82021 78655 83416 85324 90497 92180 93863 87007 88690 85099 86782 90497 94985 96668 98351 95185 102082 103765 105448 96868 98551 102082 119283 120966 126740 128954 130637 132320 128423 130106 122649 128954 143099 144782 150961 152644 160271 161954 163637 154327 146465 160271 166700 168383 169039 170722 170071 171754 173437 172405 170066 170071 184881 184912 194129 195812 197495 186595 188278 186564 188247 194129 201639
100 1772
11431 13203 11431 24632 32146 34527 36299 38071 33918 35690 26404 28176 34527 47902 49774 55067 56839 58611 51546 53318 49674 51446 55067 58582 60354 62126 63636 65408 67180 71103 72875 74647 71103 83579 84044 85816 87588 85351 87123 91480 93252 95024 91480 100978 102750 109763 111535 113307 117099 118871 120643 104522 117099 127807 129579 132144 135861 137633 139405 133916 135688 131351 135861 146930 156778 165717 167489 169261 158550 160322 148702 150474 165717 173730 175502 177274 178074 179846 181618 178908 180680 182452 178908 194568 196340 198112 196613 198385 201768 203540 205312 200157 201768 214250 219419 224707 226479 228251 221191 222963
100 5605
7052 13528 19133 22439 28044 22439 34967 40572 46177 38605 38605 44124 46446 52051 57656 46446 57247 62852 68457 61673 61673 68328 71140 76745 82350 71140 80929 82185 87790 93395 82185 95290 100895 106500 101692 101692 107539 113119 118724 124329 113119 129442 135047 132947 138552 132947 138326 143931 143365 148970 143365 151278 156883 151693 157298 151693 163407 167771 173376 178981 167771 183780 189385 194990 187554 187554 198322 202305 207910 213515 202305 219729 221514 227119 232724 221514 238443 244048 249653 242252 242252 257888 263493 269098 265043 265043 272719 278324 283929 281185 281185 293372 298977 299876 305481 299876 310752 316357 321962 313932
100 6241
8666 19006 20936 30900 37141 37451 38467 43958 50199 56440 44708 50949 43692 49933 43382 48701 54942 61183 27177 33418 48701 56698 57298 58427 59246 60935 67221 72935 79176 85417 73462 79703 67176 73417 65487 71728 64668 70909 63539 69780 72935 78927 88077 91013 96964 103205 101167 101928 102023 108264 114505 108169 114410 107408 113649 109446 97254 103495 94318 100559 102023 107297 113538 119779 114151 120392 118484 124725 130966 126633 124243 128012 134450 139919 146160 152401 140691 146932 134253 140494 139919 150143 156384 159080 162938 169179 167067 173308 179549 175420 167182 173423 170501 176393 182634 188875 176742 182983 179664 165321
100 3770
16219 17532 21302 25072 17532 25235 26655 29235 33005 36775 30425 34195 29005 32775 29235 38165 41935 45393 49163 52933 48461 52231 56001 45705 48461 63826 67596 70858 73795 77565 81335 74628 78398 71366 73795 84794 86111 89881 92473 96243 100013 93651 88564 92334 92473 102681 106660 116535 120305 124075 110430 114200 106451 110221 116535 121689 125459 130421 136902 140672 144442 134191 137961 129229 136902 139413 143183 139971 147864 151634 155404 143741 147511 146953 147864 156837 160607 160315 163101 166871 170641 164085 167855 164377 163101 171047 174817 178587 179868 183638 182666 186436 190206 187408 182666 194918 198688 202458 197001 200771
100 4945
991 5936 4408 9353 14298 4408 13579 22917 27862 32807 18524 22917 37481 42163 47108 52053 42426 42163 47638 47765 52710 57655 52583 47765 64202 72509 77454 82399 69147 72509 81581 86811 91756 96701 86526 86811 93458 98403 103348 99945 104890 99945 113019 114621 119566 124511 117964 114621 130965 137725 142670 147615 135910 137725 149986 155922 160867 165812 154931 155922 166773 171718 176663 173481 178426 173481 180085 185030 189975 187825 192770 187825 194664 200786 205731 210676 199609 200786 210015 212301 217246 222191 214960 212301 222814 227874 232819 237764 227759 227874 233410 238355 235556 240501 245446 238495 243311 248256 253201 243440
100 9438
8706 18144 8706 13351 21428 30866 40304 22789 21886 31324 40762 22839 32277 23838 33276 32036 41474 50912 33949 43387 52825 42714 33949 35133 44571 54009 35406 44844 54282 43177 52615 45950 49306 52181 58842 68280 77718 61619 71057 58744 68182 55388 58842 73348 77579 87017 96455 82786 92224 77722 87160 96598 84327 87123 87806 97244 95112 104550 113988 106682 96561 105999 95112 98925 108363 117801 104439 106403 115841 125279 114851 124289 120876 123220 126777 136215 145653 132658 142096 130314 139752 133727 126777 133549 142987 152425 137281 144470 153908 163346 146719 151979 158686 168124 161212 170650 180088 177562 161417 170855
100 7371
11598 18969 26340 21484 21484 31740 37381 44752 42185 49556 56927 52123 39111 46482 42185 54952 62323 69694 60780 68151 75522 62573 69944 77315 62573 75933 80411 87287 94658 102029 87782 95153 83304 90675 87287 96473 103844 111215 104981 106541 113912 121283 112352 119723 106541 119263 122770 132512 139883 147254 130141 137512 126634 134005 132512 151554 158925 161146 162601 169972 177343 168517 175888 166296 162601 171580 178951 186322 173934 181305 188676 183359 190730 198101 183359 194433 203054 206890 214261 221632 210425 217796 201804 209175 206890 216279 224381 226475 233846 241217 231752 239123 223650 231021 226475 236074 241711 249082 256453 243445
100 4366
11625 16540 20906 25272 16540 30744 35110 36659 41025 45391 39476 37126 39119 43485 40394 44760 49126 41369 45735 50101 47851 43259 47625 51991 43259 54416 58782 63148 61627 65993 63751 68117 64820 67473 68810 68993 73359 77725 73176 77542 71839 76205 69186 73552 68993 76258 79098 83464 82299 89812 94121 98260 103319 107685 112051 102626 106992 98487 102853 94178 98544 86665 91031 87830 103319 118164 127769 132135 135849 140215 144581 145773 150987 160032 164602 168968 173334 164398 168764 155353 159719 150139 154505 136501 164602 179590 183217 187583 191949 183956 183828 188194 192560 188322 192215 196581 200947 199402 203768 208134
100 9304
14335 23639 14335 21244 30548 29875 39179 48483 29875 37999 38090 47394 56698 47303 38090 46342 54540 63844 73148 55646 54540 66883 69494 78798 88102 76187 69494 82361 91665 91188 100492 109796 91188 100159 109463 101985 111289 120593 101985 112995 122299 131603 121486 130790 121486 137306 146610 138838 148142 157446 138838 150313 156924 166228 175532 159617 156924 164778 169264 178568 187872 174082 169264 187165 192937 202241 211545 196469 192937 204228 204398 213702 223006 213532 204398 219972 229276 228786 238090 247394 228786 242217 249663 258967 268271 251521 249663 263471 271350 279897 289201 298505 281984 286890 296194 305498 291288 300592 280654 289958
100 431
7955 7955 20622 28691 29122 29553 21053 28691 40973 41404 41835 45541 45972 45541 57604 64351 64782 65213 58035 64351 78423 78854 83809 84240 84671 83809 91347 100932 101363 101794 91778 100932 114324 123030 123461 123892 114755 123030 133797 134228 134659 140746 141177 140746 146996 147427 147858 156483 156914 156483 169070 169501 178294 178725 179156 178294 179203 179634 180065 187862 188293 187862 202775 204192 204623 205054 203206 204192 217305 225187 225618 226049 217736 225187 239637 246466 246897 247328 240068 246466 257460 265496 265927 266358 257891 265496 267796 268227 268658 267828 276226 276657 277088 268259 283552 283983 289535 289966 290397 284414
100 8816
11945 20761 29577 11945 18889 27705 36521 27370 36186 36027 40491 49307 58123 44843 49317 58133 49737 58553 52312 61128 69944 67369 66949 52312 62005 70821 70111 79036 86375 87409 96225 89345 98161 106977 105041 93752 102568 111384 95191 104007 87852 96668 78927 93752 102962 111567 118718 127818 136873 143367 152183 160999 150521 159337 168153 145689 154505 136634 145450 127534 136350 120383 129199 150521 165363 169522 171709 174517 183333 192149 180525 189341 178338 174748 183564 183305 190303 199119 207935 192121 200937 192380 187154 190303 202338 208316 217132 225948 211154 209628 215557 224373 233189 218444 219628 229553 238369 247185 228444 237260
100 7767
10938 18705 10938 16935 18660 22428 30195 37962 26427 28380 36147 43914 34194 24702 29600 32465 40232 47999 37367 38182 45949 53716 38182 48995 52855 56806 59028 67636 69716 77483 71749 79516 87283 85250 75403 83170 66795 74562 64573 72340 60622 68389 71749 82773 84095 91862 88839 97975 105742 113509 96606 104373 107170 107868 110262 118029 125796 115635 123402 114937 122704 99629 110262 118109 125876 133643 127267 134387 136263 144787 150838 158605 166372 152554 160321 159304 167071 174838 144030 151797 142154 149921 159304 165682 173449 181216 175492 178019 185551 191168 191650 199417 207184 198935 206702 193318 201085 185786 193553 183259
100 4734
5767 5767 19100 23834 22819 27553 22819 41451 47770 52504 57238 47770 53137 61882 66616 71350 61882 65978 70712 75012 79746 75012 89445 94179 90241 94975 90241 96406 100985 105719 110453 100985 110450 118884 123618 128352 118884 129813 134547 139281 130536 130536 149630 154364 158844 163578 158844 169710 171972 176706 181440 171972 189595 197675 202409 207143 197675 206482 211216 215950 209408 209408 217187 225813 230547 235281 225813 232991 237725 242459 235228 235228 244693 247961 252695 257429 247961 262455 270242 274976 279710 270242 284043 286510 291244 295978 286510 288084 292818 297552 296187 296187 306086 312535 317269 322003 312535 325377 330111 334845
100 8707
9023 19010 27717 36424 23874 27877 36584 45291 32581 41288 27877 40897 43453 51085 59792 68499 52160 60867 49604 58311 51085 60578 65237 70646 79353 88060 73944 82651 69285 77992 70646 81694 90401 99108 87747 96454 95970 104677 113384 105161 95970 101169 106061 110905 119612 128319 114768 123475 109876 118583 110905 120713 129420 138127 127256 135963 144670 134844 143551 152258 134844 146405 155112 163819 151348 158465 167172 175879 160055 168762 158465 161650 170357 179064 164461 173168 168420 177127 185834 181875 168420 178909 187616 196323 181121 189828 188175 196882 205589 198535 188175 205401 214108 206533 215240 215251 223958 232665 223947 222815
100 2964
9129 9129 27036 30000 34884 43325 46289 49253 37848 40812 32964 43325 49347 52311 50858 53822 56786 55275 57394 60358 63322 57394 62353 65317 65147 67747 70711 73675 68111 71075 68281 67747 68265 71229 74193 77757 84938 87902 90866 80721 83685 84938 92372 95336 100508 103472 106436 102952 105916 108880 98300 102952 106981 111035 113999 116963 109945 112909 111168 114132 117096 111168 118075 121039 123958 126922 126369 129333 132297 129886 124003 126369 137897 146933 156213 159177 162141 149897 152861 140861 143825 156213 166205 169169 172133 168089 171053 168767 171731 174695 174017 168767 180285 183249 186213 189698 192662 195626 190725 193689
100 4047
11921 15968 20015 11921 25853 29900 34657 38704 34657 46114 50161 54208 50372 50372 63799 67846 71893 73632 73632 84556 88603 92650 91546 91546 99506 107800 111847 115894 107800 122612 126659 125673 129720 125673 130486 134533 138580 136239 136239 148319 148882 152929 156976 148882 162160 166285 170332 174379 166285 184499 193259 197306 201353 193259 203855 209921 213968 218015 209921 217009 221056 225103 225409 225409 236224 240271 244318 238412 238412 252297 256344 253982 258029 253982 268947 275388 279435 283482 275388 287241 291288 289097 293144 289097 302131 305978 310025 314072 305978 317449 320559 324606 328653 320559 327260 333807 337854 341901 333807 349995
100 6358
15959 21781 28139 34497 21781 27850 34208 30382 36740 30382 50115 56473 62831 53483 53483 72519 78877 85235 73065 73065 84731 86759 93117 99475 86759 96738 103096 109454 99473 99473 111773 119480 125838 132196 119480 136769 139950 146308 152666 139950 148411 157467 163825 170183 157467 165759 172117 175532 181890 175532 184234 185146 191504 197862 185146 201556 209533 215891 222249 209533 218445 222035 228393 234751 222035 232489 238847 245205 239458 239458 248877 250532 256890 263248 250532 260491 267936 274294 280652 267936 277954 284312 290670 281699 281699 294952 301310 299142 305500 299142 316865 323223 329581 321415 321415 326206 332564 338922 335443 335443
100 2606
10675 13281 10675 23987 26593 24192 26798 29404 24192 32483 35089 37695 38933 41539 38933 45502 54249 56855 59461 48108 54249 63986 66592 71793 74399 77005 71793 75623 78229 81191 83797 86403 81191 97259 99119 101725 104331 99865 99119 114443 117049 115869 118475 121081 115869 125373 135074 137680 140286 127979 135074 140311 147555 150161 152767 142917 147555 151977 152977 155583 158189 154583 152977 163231 165837 164330 166936 169542 164330 178533 181139 180576 183182 185788 180576 189401 192007 194613 191778 194384 191778 200953 203559 209356 211962 214568 209356 217670 220276 222882 226600 231165 231198 233804 240893 243499 246105 236410 233771 236377
100 2779
12258 15037 12258 25655 27045 29824 28633 31412 34191 34285 36512 39060 39894 42673 45452 41839 44618 39291 42070 37064 39843 32603 39894 45463 48242 51021 50514 53293 56909 59688 62433 66740 71047 73826 76605 69519 72298 65212 67991 62467 56072 74556 74556 86422 89201 91980 93933 96712 99491 103202 108110 116322 119101 121880 119973 126453 129232 132011 122752 125531 110889 113668 126453 136787 146205 148984 147669 150448 152765 159460 162444 165223 163444 166223 169002 168002 162239 165018 155544 158323 153227 151763 163444 169004 171783 174562 172206 177835 180614 178496 181275 184054 183393 174985 185292 186745 189524 192303 188071 190850
100 8481
9504 27822 36303 32452 40933 32452 42383 50864 49736 58217 49736 64382 65301 73782 82263 65301 73100 81581 75499 83980 75499 92028 93739 102220 110701 93739 102124 110605 105544 114025 105544 110571 119052 127533 118969 118969 130325 138806 139374 147855 139374 148680 157161 156657 165138 156657 166906 174524 183005 191486 174524 183703 192184 189099 197580 189099 202562 211043 205135 213616 205135 213175 221130 229611 238092 221130 236262 239256 247737 256218 239256 248474 256955 265436 253014 253014 259428 268530 277011 285492 268530 277277 287189 295670 304151 287189 296136 304617 313098 298004 298004 303226 311707 320188 306002 306002 315198 319546 328027 336508
100 567
15518 16085 16652 17089 20454 21021 24794 25361 25928 21588 17656 24794 36393 36960 45900 46467 47034 54475 62298 62865 71242 80358 80925 83403 83970 84537 81492 71809 72376 63432 55042 83403 92054 92621 93188 93781 94348 96049 103578 105587 113799 117339 117906 118473 114366 114933 106154 106721 104145 104712 96616 117339 133421 133558 133644 134211 142559 143126 146941 147508 148075 149127 149694 155353 155920 156487 150261 143693 134778 134125 134692 155353 159993 169186 169753 175861 182675 189821 190388 190955 183242 195260 203841 204408 204975 195827 196394 183809 176428 176995 170320 203841 220103 229453 237680 238247 238814 230020 230587 220670
100 7058
13789 20847 13789 18159 25217 32275 22582 22582 35439 37921 44979 52037 37921 46281 53339 48142 55200 48142 61361 65749 72807 79865 65749 74634 81793 88851 95909 81793 92942 100000 107058 101065 101065 118993 126051 128710 135768 128710 143338 146108 153166 160224 146108 157600 167266 174324 181382 167266 179107 186165 193223 181505 181505 189851 193470 200528 207586 193470 205272 212330 210727 217785 210727 224769 228725 235783 242841 228725 237332 244390 251448 244057 244057 259690 266748 264692 271750 264692 281486 288544 295602 281783 281783 282613 286120 293178 300236 286120 291932 298990 306048 301866 301866 315242 322300 329358 315698 315698 327175 334233
100 7438
9704 17142 24580 9704 27584 35022 42460 32533 39971 32533 38757 45252 52690 60128 46195 45252 49790 57228 64666 51023 58461 51023 61899 69337 67050 74488 81926 67050 79721 87159 94597 81601 89039 81601 97135 100605 108043 115481 104573 100605 108648 116086 123524 117964 125402 117964 131546 138809 146247 153685 138984 138809 149952 157390 155481 162919 170357 155481 169124 176562 184000 177550 184988 177550 189933 198341 205779 213217 197371 198341 211817 219255 215627 223065 230503 215627 234015 241453 248891 244001 251439 244001 256517 263955 271393 263005 270443 263005 279785 287223 294661 286758 294449 297467 304905 312343 301887 309325 294196 301634
100 9043
7382 16425 25468 11581 20624 29667 11581 24977 28302 31971 41014 50057 37345 46388 34020 43063 31971 47028 56071 56202 65245 64752 73795 82838 74288 65114 64752 74850 81242 90285 90684 99727 108770 99328 83893 92936 90684 103307 109505 118548 119376 128419 137462 127591 112350 121393 119376 128222 137265 130211 140135 149178 158221 139254 148297 146308 140135 155552 157389 163717 172760 181803 166432 175475 164595 173638 163717 168051 173960 178788 187831 196874 183003 192046 177094 186137 178788 185195 194238 203281 191556 192160 201203 210246 200599 209642 192160 197209 198377 200705 209748 218791 207420 216463 206252 215295 200705 207179 216222 225265
100 5632
5728 12010 17642 16261 21893 24958 30590 36222 27525 23274 34953 36613 42245 47877 40585 46217 36613 49520 55152 60784 58758 64390 70022 67694 73049 78681 76756 82388 88020 84313 73326 78958 79661 87651 93283 98915 87651 88873 94505 100137 89968 93860 99492 105124 95600 94626 99035 104667 101798 107430 113062 105634 111266 116898 110299 100258 105634 109535 115167 114841 115112 118058 123690 129322 118742 124374 130006 123458 129090 134722 129001 134633 140265 120744 126376 120473 129001 144267 149899 152264 157896 152881 153473 159105 163215 168847 163704 165270 170902 176534 169336 174968 174479 164737 158513 164145 165270 169331 174963 180595
100 7838
9760 17598 9760 17539 18585 26423 28255 29744 37735 45444 53504 61342 69180 53282 61120 45573 53411 37582 45420 36093 43931 34261 53504 63115 69809 77647 77963 85801 93639 85927 93765 101603 85485 70953 78791 94981 95702 98441 106279 114117 103540 111378 98441 108655 116493 124331 114037 123618 129118 136956 144794 131456 136896 144734 152572 140415 148253 156091 149687 157525 165363 139294 149687 155392 163230 157624 162500 168902 170052 177890 185728 176740 173237 174231 182069 189907 181075 188913 184578 170338 178176 165462 174231 188459 196297 204135 189641 197479 205317 193104 198732 206291 214129 221967 206570 214408 215609 223447 231285 200942
100 7341
10313 12503 21663 29004 36345 19844 27185 17654 27099 34440 41781 24995 35922 35922 51055 58396 58223 59432 66773 74114 65564 72905 65737 61085 68426 67732 75929 83270 83318 90659 98000 90611 75073 83318 96616 103957 99459 106800 101247 108588 115929 114141 108871 110042 115018 123318 130659 138000 122359 129700 117383 124724 116212 123318 139648 146989 147176 147464 154824 162165 169506 161755 169096 170331 177672 185013 174871 182212 189553 176437 154805 162146 154517 174871 177950 185291 192632 178371 180176 180747 186334 193675 188725 195838 203179 210520 196066 203407 201016 188088 195429 187517 194858 195838 204826 212167 219508 208450 215791 223132
100 8831
6772 6772 11758 20589 29420 15456 24287 33118 24674 33505 42336 24674 30057 38888 31299 34614 43445 52276 40130 48961 47719 34614 44339 53170 53961 62792 58372 67203 76034 71623 62001 58372 60698 69529 66046 74877 72683 81514 90345 83708 78360 72683 83460 92291 101122 89893 98724 107555 91895 100726 109557 91895 107280 116111 114910 121572 130403 139234 123741 132572 124942 121572 134405 143236 152067 137014 143013 151844 160675 145845 154676 143013 153994 162825 171656 161947 170778 179609 168583 177414 186245 168583 170320 170625 179456 188287 173333 182164 190995 179151 187982 173333 188776 197607 206438 189764 198595 207426 197412 206243
100 1004
9666 10670 11674 16830 17834 17916 18920 19924 22101 23105 26975 27979 36681 37685 38689 28983 24109 36681 48695 49942 53267 54271 55275 50946 51950 49699 50703 60020 67650 70781 71785 78012 79016 80020 72789 68654 69658 78012 89660 96913 103764 108592 109596 110600 104768 105772 97917 112913 116299 120918 121922 122926 117303 118307 113917 114921 98921 120918 137569 138573 139577 138455 141435 150158 151162 152166 142439 157586 167538 168542 176561 177565 178569 169546 158590 159594 143443 176561 184628 185632 186636 193561 194565 196813 197817 198821 198228 199232 200236 205333 206337 211768 219382 220386 221390 212772 213776 219382 232507 233511
100 3487
2488 15495 18982 22469 17548 17548 27275 30762 30310 33797 30310 47190 50677 54164 50096 50096 62633 71894 75381 78868 71894 76774 79320 82807 86294 79320 94042 96550 100037 103524 96550 101788 105275 108146 111633 108146 123881 124756 128243 131730 124756 136878 138786 142273 145760 138786 149141 152628 156115 150571 150571 165262 168749 169314 172801 169314 181092 187562 191049 194536 187562 204973 208460 211177 214664 211177 225286 231249 234736 238223 231249 237689 241176 244663 240787 240787 249256 252743 256230 249323 249323 258459 260351 263838 267325 260351 267685 270018 273505 276992 270018 288428 290576 294063 297550 290576 296944 300431 304596 308083
100 4197
5774 18468 22665 26862 20580 24777 20580 33382 37579 41776 39315 43512 39315 42056 50602 54799 58996 46253 50602 53667 56825 61022 65219 57864 56825 62773 66970 71167 72535 76732 72535 82585 92170 96367 100564 86782 92170 107388 111585 115782 109433 113630 109433 119488 129263 133460 137657 123685 129263 145481 146438 150635 154832 149678 146438 155500 159697 157483 161680 165877 157483 168419 172616 176813 177492 181689 177492 187638 194033 198230 202427 191835 194033 201948 206145 203385 207582 211779 203385 210228 218399 222596 226793 214425 218399 235240 239744 244986 249183 252202 256399 257976 262173 266370 260596 253380 243941 248138 239437 243634
100 5282
1354 12085 17367 19601 24883 19601 30546 35828 41110 30953 30953 47433 52715 57997 49424 49424 64220 73750 79032 84314 73750 78259 86931 92213 97495 86931 94403 99685 104967 102977 102977 106572 111854 109309 114591 109309 123148 132999 138281 143563 132999 140335 148374 153656 158938 148374 154901 163533 168815 174097 163533 174059 179341 184623 183748 183748 189172 194454 199736 198465 198465 206890 214849 220131 225413 214849 221700 230646 235928 241210 230646 233602 241483 246765 252047 241483 251766 257048 252208 257490 252208 260889 267956 273238 278520 267956 281029 283777 289059 294341 283777 294500 296113 301395 306677 296113 306223 311505 316787 312468
100 3125
10330 13618 16743 19868 13618 15789 18914 22039 19470 19470 31499 34624 35646 38771 35646 48307 51432 54557 55872 55872 72235 75360 80266 83391 80266 96731 98559 101684 104809 98559 108359 111484 114609 113661 113661 118564 121689 124814 127953 127953 129392 132517 134986 138111 134986 142349 143924 147049 150174 143924 156873 159998 163123 159346 159346 172936 176061 179186 173281 173281 180340 188607 191732 194857 188607 198610 201735 204860 207570 207570 218377 225892 229017 232142 225892 236747 243418 246543 249668 243418 253664 256789 259914 254546 254546 260295 263420 264581 267706 264581 272078 275203 275515 278640 275515 291069 294194 297319 300878 300878
100 598
13689 14287 14885 21163 21163 26690 27288 33591 34189 34787 33591 41726 42324 42922 47237 47835 47237 62214 62812 65091 65689 66287 65091 79135 82877 83475 84073 79733 82877 100522 101120 105899 106497 107095 105899 117367 124304 124902 125500 117965 124304 136976 137574 138172 137885 138483 137885 147356 149101 149699 150297 147954 149101 156889 164608 165206 165804 157487 164608 176903 182615 183213 183811 177501 182615 197045 203408 204006 204604 197643 203408 211872 216639 217237 217835 212470 216639 230209 234880 235478 236076 230807 234880 247499 248097 255368 255966 256564 255368 259113 264578 265176 265774 267283 269025 269623 270221 267881 268479 259711
100 1496
8509 14023 21698 23194 24690 21698 32354 34928 36424 37920 34928 48339 56688 58184 59680 56688 64632 65526 67022 68518 65526 77200 85383 86879 88375 85383 100536 107565 109061 110557 107565 123235 130512 132008 133504 130512 144349 150036 151532 153028 150036 155605 157101 160717 162213 160717 170386 171882 177865 179361 177865 194201 195697 200631 202127 200631 208945 213571 215067 216563 213571 223146 223656 225152 226648 223656 231909 233405 234901 233696 233696 245338 248996 250492 251988 248996 256080 261091 262587 264083 261091 275409 276905 278401 284035 284035 298459 299955 302000 303496 302000 312888 314384 317549 319045 317549 320559 330305 331801 333297
100 9657
6375 16032 6375 21524 22617 32274 41931 22617 33564 40196 49853 59510 40196 49656 59313 53173 62830 53173 57028 61232 70889 80546 61232 68712 72488 82145 91802 72488 80803 90460 100117 84187 84187 94309 103966 100450 110107 100450 105896 114175 123832 133489 114175 124231 133888 132605 142262 132605 139617 145342 154999 164656 145342 151883 161540 171197 157334 157334 168460 178220 187877 197534 178220 188332 194095 203752 213409 194095 204092 205521 215178 224835 205521 217122 226779 218432 228089 218432 232997 242654 236891 246548 236891 242556 252213 261870 244952 244952 259104 268761 263050 272707 263050 267271 276928 286585 268129 268129 279563 289220
100 7559
7469 15261 22820 30379 15261 21446 29005 29455 37014 29455 43962 51521 53951 61510 53951 58659 59541 67100 74659 59541 74269 81828 89387 82544 82544 86445 94004 87205 94764 87205 98509 106068 102049 109608 102049 112622 119454 127013 134572 119454 125144 134952 142511 150070 134952 142138 148862 156421 163980 148862 153737 161296 161096 168655 161096 170174 179784 187343 194902 179784 194332 201891 198342 205901 198342 212137 215995 223554 231113 215995 228044 229891 237450 245009 229891 243475 244402 251961 259520 244402 258496 266055 262010 269569 262010 274333 281892 275637 283196 275637 291525 299084 306643 292224 292224 297246 304805 302051 309610 302051
100 3608
18354 18354 20992 29245 32853 36461 24600 29245 37792 41400 45008 40762 44370 40762 51054 57224 60832 64440 54662 57224 67993 71601 75209 69066 72674 69066 83445 88325 91933 95541 87053 88325 100738 104346 107954 110684 114292 110684 127749 131684 135292 138900 131357 131684 147483 151091 155983 159591 163199 155983 163018 172273 175881 179489 166626 172273 185053 188661 189703 193311 196919 189703 198612 200841 204449 208057 202220 200841 203842 207450 211058 205154 208762 205154 220349 223957 227565 221983 225591 221983 234237 236280 239888 243496 237845 236280 251632 255240 254558 263508 265656 269264 275393 279001 282609 272872 267116 270724 258166 261774
100 4743
11779 16522 21265 11779 23538 28281 32418 37161 32418 40805 48313 53056 57799 48313 59559 64302 69045 59619 59619 72936 77679 79932 84675 79932 86197 93175 97918 102661 93175 103788 108531 109318 114061 109318 124753 129496 134239 126969 126969 132407 137150 142077 146820 142077 155748 160491 165234 163435 163435 173220 177963 182170 186913 182170 189368 194111 192866 197609 192866 201589 208851 213594 218337 208851 224628 229371 231413 236156 231413 236312 241055 245936 250679 245936 247397 252140 256883 251579 251579 261812 262154 266897 271640 262154 266933 271676 270427 275170 270427 272821 277564 282307 277684 277684 291523 295311 300054 304797 295311 310059
100 5601
14189 19790 14750 20351 23258 28859 34460 25952 23258 38012 43613 47029 47872 53473 59074 52630 58231 49214 47872 61748 71657 77258 82859 75263 80864 86465 67349 72950 75263 79911 85512 91113 89820 95421 94293 99894 105495 101022 94293 104450 104732 110333 107509 113110 118711 115934 110051 115652 107509 114765 120366 125967 118733 124334 123542 129143 134744 129935 123542 126211 131812 135546 144466 150067 155668 141147 146748 137413 144466 155406 164977 171545 177146 182747 170578 176179 161007 166608 171545 182703 183401 192720 198321 203922 189002 194603 188304 193905 192720 201695 207296 212897 202879 207423 213024 218625 208480 214081 207423 216252
100 7123
2367 4731 6263 13386 20509 11854 18977 6263 9763 16886 18119 18690 25813 32936 25242 32365 24009 18690 21945 30137 37260 36188 43311 50434 44383 29068 36191 36188 47809 48316 57122 64245 71368 55439 62562 54932 62055 57122 63305 69518 78598 85721 92844 76641 83764 70428 77551 78598 90730 97853 104976 100079 107202 114325 105180 112303 119426 105180 113471 120594 127717 117415 124538 119549 126672 133795 131661 119549 124346 131469 138592 126258 127617 134740 141863 133381 140504 127617 138535 141301 148424 155547 145658 152781 144976 152099 159222 144976 162779 169902 177025 170837 177960 179067 186190 193313 185083 179067 186155 193278
100 6290
9703 9968 16258 19758 26048 32338 22548 22000 28290 34580 31408 37698 43988 32237 38527 44817 15993 22283 32237 48570 52080 55572 61862 68152 58370 64660 64040 68356 74646 80936 73228 79518 85808 70330 76620 54860 78872 85162 78872 82816 89106 84012 88823 90787 97077 103367 95113 101403 96981 103271 109561 97738 103833 110123 116413 104028 110318 90302 103833 117592 126444 132734 139024 123882 127491 133781 140071 130172 130534 136824 143114 139806 148217 149814 156104 162394 154507 160797 149814 154206 160748 167038 166173 168862 175152 181442 172463 178753 173044 173911 180201 186491 179334 174871 181161 187451 185624 173328 174871 182385
100 7384
9962 17346 24730 13828 21212 19187 26571 22624 30008 37392 33955 28596 22624 36421 40948 49764 57148 64532 50550 57934 58058 59358 66742 59877 67261 74645 74126 65442 72826 65318 48332 55716 59877 76636 82050 83377 90761 90753 92716 100100 107484 98137 105521 98145 101641 109025 104538 111922 119306 116409 89434 96818 104538 114094 121478 128862 116769 122638 130775 138159 137347 141044 145668 153052 160436 148428 155812 144731 152115 145543 130022 137406 145668 157243 164627 164158 171542 168249 175633 174041 181425 180568 188279 195663 190558 197942 205326 203047 187952 195336 188809 183017 190558 201062 208446 215830 208982 216366 209824 217208
100 2673
11855 15120 17793 20466 15120 16206 18879 25978 28651 31324 25978 42690 44335 47008 49681 45363 44335 49992 57484 60157 62830 52665 57484 71864 74537 77210 75856 78529 75856 82263 84936 87609 88094 90767 88094 100255 102928 108092 110765 113438 108092 124272 126945 131166 133839 136512 131166 140144 142817 145490 142980 145653 142980 150737 153410 156083 153551 156224 153551 161337 167850 170523 173196 164010 167850 174211 174606 177279 179952 176884 174606 186417 189090 191763 190859 193532 190859 193106 193499 196172 198845 195779 193499 203961 206634 208707 211380 214053 208707 210418 213091 218914 221587 221566 224239 226912 224260 225475 228148 230821
100 6621
9188 16293 17455 24076 17799 24420 31041 30697 22914 29535 17799 26125 29409 36030 31870 38491 45112 42651 32746 39367 31870 49402 56023 50696 54638 61259 67880 57317 63938 62644 54638 64089 70710 77331 73101 79722 86343 78732 85353 91974 78732 83519 89723 96344 96886 103507 110128 102965 90140 96761 96886 109882 109974 116595 116042 122663 129284 123216 116503 123124 116042 120164 126785 122277 130338 136959 143580 128898 135519 133406 130338 145330 146365 152986 146410 153031 159652 159607 151951 158572 146410 154528 161149 161677 163632 170253 176874 168298 174919 167770 163632 168051 174672 181293 173795 180416 187037 176895 183516 190137
100 8106
16303 24178 32284 33862 41968 50074 40390 24409 33862 46247 54353 62459 50403 53463 61569 69675 58509 66615 53463 60931 69037 77143 65501 66508 74614 82720 73607 81713 66508 71746 76917 78821 86927 95033 85023 93129 79852 87958 78821 93248 98148 104955 113061 121167 106254 114360 101354 109460 104955 113140 119433 127539 121568 129674 137780 135645 121246 129352 121568 140405 141075 150628 158734 166840 149181 157287 148511 156617 150628 161841 163984 172980 181086 189192 172090 180196 169947 178053 172980 182408 190794 198900 207006 195469 203575 211681 190514 198620 195469 207887 215993 224099 212582 220688 228794 213568 221674 229780 213568 222638
100 8369
4517 12886 21255 12720 21089 29458 12720 27711 32641 41010 49379 35673 44042 44178 53955 60438 68807 77176 62324 70693 62185 70554 78923 52547 60916 52411 62185 78193 79878 88247 96616 86562 94931 81962 86910 95279 103648 94496 98738 104809 113178 121547 107107 115476 102865 111234 104809 113133 121502 119264 120283 129132 131305 139332 147701 156070 139674 140076 148445 156814 148043 137501 145870 128652 137021 127633 140076 151285 153364 161733 159482 163801 171806 180175 188544 178562 186931 187800 196169 204538 195300 172170 180539 167851 176220 170102 187800 200825 209144 217513 225882 209194 218737 227106 219135 225508 233877 242246 227504 235873
100 7825
2792 10617 8973 16429 18314 23364 31189 39014 26139 33964 24254 32079 16798 23364 30123 39465 47290 48831 55208 63033 59717 62843 70398 78223 86048 70668 78493 67542 75367 70858 56656 64481 55115 70398 78626 86451 94276 79994 88142 92544 98091 98626 106451 102463 110288 118113 114276 105916 113741 100369 108194 95967 103792 102463 115946 124226 132051 130443 131290 139115 146940 138268 146093 138199 147603 155428 148373 156198 164023 163253 146024 153849 139876 148373 155943 163554 164312 172137 179962 168814 170487 173743 176354 184179 192004 181568 189393 178312 186137 176639 184464 171379 179204 176354 191020 198845 198081 205906 213731 206670
100 8878
2784 11662 20540 9535 18413 27291 9535 17631 26509 35387 20360 28625 37503 46381 29238 38116 28625 44001 52879 61757 45798 46855 55733 64611 54676 63554 46855 61504 70382 67068 75946 76352 85230 94108 84824 79260 76352 82079 90957 99835 82091 90969 99847 90021 98899 107777 90021 96134 105720 114598 123476 109355 118233 127111 105012 113890 109355 126646 136577 137703 146581 155459 145455 154333 135524 144402 137703 151621 160499 153337 162215 171093 161079 169957 178835 169377 161079 163919 171519 180397 181211 190089 198967 189275 172797 181675 181211 192017 200895 209773 193804 202682 196248 205126 214004 211560 196248 206407 215285 224163
100 9726
4743 14469 24195 5828 11704 21430 31156 11704 28572 38298 35126 44271 53997 63723 44852 54578 48024 44271 55961 65687 75413 56299 66025 75751 57988 67714 77440 57988 65432 75158 84884 70217 79943 89669 74726 84452 94178 74726 84288 94014 93764 99616 109342 119068 103490 113216 103740 99616 105037 114763 124489 114665 124391 119788 129514 139240 134117 119788 127036 129178 138904 130060 139786 149512 148630 136762 146488 130060 144061 153787 163513 148175 153541 163267 172993 157901 167627 153541 161800 171202 180928 190654 171526 181252 172171 181897 191623 172171 180096 184318 194044 203770 189822 186532 196258 205984 199548 186532 196497 206223
100 2864
18905 21769 24633 19468 19468 38349 41233 44097 46961 41213 41233 53347 63306 66170 69034 56211 63306 76213 79518 82382 85246 79077 79518 87917 92230 95094 97958 90781 92230 107569 113340 116204 119068 110433 113340 128464 132091 134955 137819 131328 132091 141997 144314 147178 150042 144861 144314 152944 160456 163320 166184 155808 160456 176059 178923 181787 183140 186004 183140 193416 203304 206168 209032 196280 203304 217630 220494 221232 224096 226960 221232 229637 232501 235365 231508 234372 231508 243774 244780 247644 250508 246638 244780 251385 255318 258182 261046 254249 255318 264574 267438 270302 273204 276068 278932 278817 282433 285297 288161 281681
100 2315
9492 12280 14595 16910 11807 12280 13957 16272 18587 15315 17630 15315 22400 24715 27030 26888 29203 26888 39847 42162 44477 43088 45403 43088 56447 57066 59381 61696 58762 57066 69965 72280 74595 74270 76585 74270 84813 87128 87505 89820 92135 87505 98410 101575 103890 106205 100725 101575 111315 113630 111652 113967 116282 111652 125233 133462 135777 138092 127548 133462 137087 141339 143654 145969 139402 141339 151557 157546 159861 162176 153872 157546 172362 176406 178721 181036 174677 176406 186206 187615 189930 192245 188521 187615 193350 202779 205094 207409 195665 202779 204616 211397 213712 216027 206931 217911 220226 222541 218811 221126
100 9504
13274 15796 20519 30023 39527 25300 34804 22778 32282 20519 30584 37290 45779 55283 64787 46794 56298 40088 49592 45779 53126 62630 58058 67562 77066 72134 62706 72210 81714 62706 81598 82748 89279 98783 108287 92252 101756 91102 100606 89279 103234 107671 110875 120379 129883 117175 126679 112738 122242 110875 117525 120789 130293 128754 138258 147762 139797 127029 136533 128754 140882 150386 145177 149155 158659 168163 154681 164185 159890 149155 157583 167087 176591 165081 171960 181464 190968 174585 184089 171960 181332 190836 200340 189110 198614 191323 200827 210331 208118 191323 197556 207060 216564 197989 207493 216997 201817 211321 220825 201817
100 8159
3354 11513 3354 20914 29073 24095 27579 35738 43897 32254 40413 37232 27579 32113 40272 48431 34851 42288 50447 58606 43010 51169 42288 51990 60149 68308 58697 66856 61465 69624 77783 75015 61465 79059 87218 85903 86989 95148 103307 94062 102221 95377 86989 95925 104084 104624 105306 113465 121624 112783 120942 112243 105306 107976 116135 108833 110849 119008 127167 116992 125151 124294 110849 122038 131086 139245 136839 144998 153157 147404 130197 138356 136839 142846 151005 150002 158161 166320 159091 167250 175409 159164 159091 165363 173522 181681 171872 180031 188190 179061 187220 195379 179061 187299 187837 190871 199030 207189 195996 204155
100 7144
12064 12064 21613 28757 35901 29286 29286 44807 46637 53781 60925 46637 66141 71825 78969 86113 71825 83213 93159 100303 107447 93159 109678 116822 123966 118067 118067 122688 128338 135482 142626 128338 141464 148608 155752 146050 146050 161629 166065 173209 180353 166065 176065 185831 192975 200119 185831 200044 207188 202128 209272 202128 213217 222018 229162 236306 222018 231176 241061 248205 255349 241061 247147 249174 256318 263462 249174 265623 272767 270090 277234 270090 279034 280871 288015 295159 280871 296431 301273 308417 315561 301273 306899 314043 321187 308904 308904 327109 330842 337986 345130 330842 342220 349364 349801 356945 349801 360898 368042 375186
100 6124
6146 11311 18167 24291 30415 17435 23559 12270 18394 18167 25311 31435 37559 26389 32513 35748 41124 47291 53195 59319 65443 58249 64373 70497 53415 59539 47248 53372 41872 58249 73470 79594 85718 76497 82621 88745 85185 91309 89036 91585 95775 105330 111454 117578 101899 108023 97709 103833 95160 105330 119935 126059 124399 130523 136647 132183 132188 138312 144436 139013 145137 151261 139478 142952 149076 155200 145602 151726 143548 143548 149311 153979 160103 166227 155435 161559 158226 164350 167745 173869 179993 170474 171583 177707 177364 183488 181395 187519 193643 181395 193743 199867 200131 206255 202663 208787 214911 212522 218646 224770
100 9893
13676 23569 33462 13676 27948 37731 38651 48544 58437 47624 57517 37841 47734 38651 46722 53814 56485 66378 76271 63707 73600 56615 66508 56485 67721 76964 86857 77003 86896 96789 96750 77614 87507 77003 82241 84830 94723 85517 95410 105303 104616 92134 102027 85517 91810 94318 101185 111078 120971 104211 114104 101703 111596 101185 111252 121145 131038 116813 126706 120719 130612 140505 136599 120719 132001 132411 142304 142063 151956 161849 152197 141894 151787 142063 157998 163877 173770 183663 168213 178106 187999 167891 177784 168213 175800 183039 187367 197260 207153 192932 202825 185693 195586 187367 190175 196094 205987 215880 200068 209961
100 7241
7786 15027 15420 22661 15420 28039 35280 42521 34810 42051 34810 40776 48017 55258 42582 49823 42582 49782 52603 59844 67085 57023 52603 67651 68073 75314 82555 74892 68073 72036 79028 86269 93510 79277 79028 89889 92638 99879 107120 97130 92638 97683 99378 106619 113860 104924 99378 112094 112313 119554 126795 119335 112313 118852 126617 133858 141099 126093 126617 141500 142842 150083 157324 148741 142842 152298 159539 166780 158038 165279 158038 161344 168585 175826 166572 173813 166572 178144 185385 192626 186834 194075 186834 199767 203870 211111 218352 207008 203870 209157 210897 218138 213920 220464 227705 234946 221161 228402 225379 216398
100 3552
8654 18430 21982 25534 24747 28299 29058 32610 36162 31851 29058 34636 36839 40391 46767 50319 53871 43943 38188 41740 46767 57441 59664 63324 66876 70428 63216 66768 60993 64545 63324 71109 74661 78213 74132 77684 81236 80705 84257 87809 80705 93029 98726 99171 102723 106275 102278 105830 96581 100133 99171 104916 111237 114789 118341 108468 115993 119545 123097 112020 115993 134798 139177 142729 142715 146267 149819 146281 138350 141902 142715 146716 153768 160121 163673 167225 157320 160872 150268 153820 160121 171212 174764 178316 178560 186672 190224 193776 182112 185664 186672 195286 198838 202390 198864 202416 205968 206866 210418 213970
100 4290
7118 11408 7118 18884 21389 26792 31082 35372 25679 29969 23174 27464 26792 35613 36440 40730 45020 39903 39461 43751 48041 44193 39461 46580 52078 56368 60658 50870 55160 59677 63967 68257 59677 74029 78319 82609 83042 87332 85690 89980 94270 91622 85690 97363 103277 108486 112776 117066 107567 111857 101653 105943 108486 113239 117529 121819 115738 120028 124318 117608 121898 126188 117608 121485 125490 129780 131615 135905 140195 134070 125775 130065 131615 140171 149659 153949 158158 162448 166738 158239 144461 148751 158158 169054 173344 171580 177531 181821 186111 175870 180160 177634 177531 187902 194144 198434 202724 195996 200286 204576
100 9016
7488 12104 21120 30136 12104 20466 29482 24164 33180 42196 24164 31386 40402 36189 45205 54221 36189 47639 56655 65671 51191 60207 51191 64466 69515 78531 87547 73482 69515 72130 78541 87557 96573 81146 78541 92953 93202 102218 111234 101969 93202 104198 113214 105455 114471 123487 105455 115225 124241 122163 131179 140195 122163 131815 141031 150047 159063 140831 141031 153567 162583 162050 171066 180082 162050 171012 180565 189581 198597 180028 180565 185245 191040 200056 209072 194261 191040 203945 212961 212221 221237 230253 212221 229600 236959 245975 254991 238616 236959 246053 252883 261899 270915 261209 263580 272596 281612 270225 279241 255069
100 8821
263580 268483 272401 272610 281222 282396 287752 291217 295868 300038 301517 305438 310338 306973 319159 308332 309940 317153 314168 325974 314785 318987 323606 328631 332427 329157 332336 337978 337959 346799 339998 342406 348819 349995 357640 357826 361217 366647 363067 375468 367067 377022 375888 383901 384709 385339 388581 394160 392909 402981 394206 402619 403027 408201 411848 409975 418172 418796 419108 427617 428996 432841 437817 434048 446638 435469 440671 444290 443485 453111 445484 447653 454305 451019 463126 452660 461706 461481 468250 470302 475513 476596 484334 485546 493155 486748 492012 495569 494351 504390 503754 513016 512575 521660 521396 527940 534990 536761 536874 545582
100 1000000
604135 1000000 671288 771387 503494 147296 68207 384351 416079 977067 284411 904329 650393 759723 179257 334906 64185 337700 383561 486637 974657 583825 23083 661255 300502 866705 26091 414361 55507 413075 973780 659641 137551 1000000 947380 157396 825067 15586 541747 241145 992653 826157 1000000 159397 102231 841081 10654 166415 695132 910566 169403 186141 494390 192485 847395 311243 575541 873486 241955 631047 802912 1000000 290688 940462 893506 238067 97857 718572 770004 155955 959716 762656 1000000 621540 438404 84342 978972 965410 767108 674104 875975 936511 860244 370365 128995 707638 197959 704536 581123 439914 851934 384034 172000 658973 840847 65505 413391 455056 784076 183395
