100
100 0
142744 142744 142744 142744 142744 142744 142744 142744 142744 142744 142744 142744 142744 142744 142744 142744 142744 142744 142744 142744 142744 142744 142744 142744 142744 142744 142744 142744 142744 142744 142744 142744 142744 142744 142744 142744 142744 142744 142744 142744 142744 142744 142744 142744 142744 142744 142744 142744 142744 142744 142744 142744 142744 142744 142744 142744 142744 142744 142744 142744 142744 142744 142744 142744 142744 142744 142744 142744 142744 142744 142744 142744 142744 142744 142744 142744 142744 142744 142744 142744 142744 142744 142744 142744 142744 142744 142744 142744 142744 142744 142744 142744 142744 142744 142744 142744 142744 142744 142744 142744
100 0
11383 11383 19078 19078 24502 24502 33530 33530 33530 34609 34609 35947 43627 46974 48926 48926 48926 46974 46974 43627 43627 35947 35947 34609 24502 19078 11383 48927 56971 56971 56971 66925 75529 75529 75529 66925 66925 85206 85206 93460 93460 101070 101070 101562 101562 102370 104341 109624 118056 118056 124530 124530 127309 129449 136985 136985 136985 145175 153343 153343 153343 145175 160417 160417 164476 164476 164476 160417 172441 175733 179334 179334 179334 175733 187137 187137 188826 188826 188826 187137 175733 172441 172441 145175 129449 129449 127309 127309 124530 118056 109624 109624 104341 104341 102370 102370 101562 101070 93460 85206
100 0
14083 19942 19942 19942 14083 22749 22749 22749 14083 22750 29263 29263 29263 37554 39007 39007 42520 51421 51421 51421 42520 55533 55533 55533 42520 39007 37554 37554 64232 73835 78881 78881 78881 73835 73835 64232 64232 78882 88640 96661 96918 101371 102098 102637 112132 112132 112132 102637 102637 102098 102098 101371 101371 96918 96918 96661 96661 88640 88640 112133 117313 117313 117313 124807 124807 124807 134312 138076 142799 151609 151609 151609 151971 151971 151971 142799 142799 138076 138076 134312 134312 154838 163245 163245 163245 154838 154838 170980 170980 172324 179104 180211 180211 180211 179104 179104 172324 172324 170980 180212
100 0
12305 12305 12305 12306 18955 18955 18955 18956 26317 26317 26317 26318 28099 28099 28099 28100 33293 33293 33293 33294 41054 41054 41054 41055 43381 43381 43381 43382 52943 52943 52943 52944 58348 58348 58348 58349 59367 59367 59367 59368 63006 63006 63006 63007 64590 64590 64590 64591 69182 69182 69182 69183 78838 78838 78838 78839 82448 82448 82448 82449 87215 87215 87215 87216 87841 87841 87841 87842 89658 89658 89658 89659 91088 91088 91088 91089 98566 98566 98566 98567 108318 108318 108318 108319 114228 114228 114228 114229 117184 117184 117184 117185 124878 124878 124878 124879 132018 132018 132018 132019
100 0
5953 14182 14182 22465 22465 22465 22514 22514 22514 14182 24064 24064 24064 25483 26808 26808 29831 29831 29831 26808 39359 39997 39997 44733 54259 54259 54259 44733 44733 39997 60362 60362 60362 68621 72320 74047 74047 74047 72320 72320 81305 81305 81847 83117 83117 92505 92505 92505 83117 81847 98716 98716 98716 105858 105943 105943 105943 105858 105858 115792 121248 121248 121248 129157 129157 129157 135324 136589 136589 136589 145593 145593 152067 153833 155208 155208 155208 153833 153833 152067 155414 155414 155414 158182 158182 158182 168090 175997 175997 175997 182571 187550 189324 189324 190470 190470 190470 189324 187550 187550
100 0
1 1 1 4 4 4 7 7 7 10 10 10 13 13 13 16 16 16 19 19 19 22 22 22 25 25 25 28 28 28 31 31 31 34 34 34 37 37 37 40 40 40 43 43 43 46 46 46 49 49 49 52 52 52 55 55 55 58 58 58 61 61 61 64 64 64 67 67 67 70 70 70 73 73 73 76 76 76 79 79 79 82 82 82 85 85 85 88 88 88 91 91 91 94 94 94 97 97 97 771928
100 0
8161 10041 16953 16953 16953 10041 10041 8161 8161 16954 24386 24386 24386 31850 35114 35114 35114 31850 31850 35115 39987 39987 39987 42193 43163 43163 43163 42193 42193 43164 50344 53338 59490 59490 59490 53338 53338 50344 50344 59491 69418 73070 73263 73263 73263 73070 73070 69418 69418 73264 74168 83398 93029 93029 93029 83398 83398 74168 74168 93030 93031 102970 109797 109797 114925 114925 114925 109797 102970 102970 114926 117901 117901 117901 126935 126935 126935 133147 133147 133147 140585 140585 146968 155617 155617 155617 146968 146968 140585 155618 158589 158589 158589 158814 161932 161932 161932 158814 158814 161933
100 0
4196 12723 16757 16757 16757 12723 16757 22286 22286 22286 30434 30434 30434 38724 38724 38724 39986 39986 39986 48240 51581 51581 51581 48240 51581 58175 58175 58175 64604 64604 64604 76414 76414 84127 84127 84127 84127 92664 96749 96749 96749 92664 96749 104390 107600 107600 107600 104390 107600 115315 115315 115315 116452 116452 116452 123830 123830 123830 130945 130945 130945 138240 144434 144434 144434 138240 144434 158238 158238 158238 160208 160208 160208 170714 170714 177098 177098 177098 177098 189941 192933 192933 192933 189941 192933 194411 194411 194411 197102 197102 197102 197281 198037 204926 204926 204926 198037 198037 197281 197281
100 0
5815 5815 5815 5815 16705 16705 24244 25087 25087 25087 24244 24244 16705 25087 32905 39253 39253 41743 41743 41743 39253 32905 32905 41743 51113 53203 57762 57762 57762 53203 53203 51113 51113 57762 67487 68074 68233 68233 68233 68074 68074 67487 67487 68233 71327 80643 80643 80643 86227 86227 86227 71327 71327 86227 93836 101533 103771 103771 103771 101533 101533 93836 93836 103771 116988 116988 124019 124019 133114 133114 133114 124019 116988 133114 142004 142004 143940 147552 147552 147552 143940 143940 142004 147552 159465 159465 159465 163387 163387 172199 172199 172199 163387 172199 181740 181740 181740 186365 186365 186365
100 0
3735 3735 3735 5210 5210 5210 9063 11302 11302 11302 9063 11302 20010 20010 28953 28953 28953 28953 43059 50241 50241 50241 43059 50241 61248 69275 69275 69275 61248 69275 77187 78584 78584 78584 77187 78584 85980 89587 89587 89587 85980 89587 99106 102523 102523 102523 99106 102523 110617 112544 112544 112544 110617 112544 118391 118391 118391 128283 128283 128283 131047 131047 138406 138406 138406 138406 149430 149430 149430 152334 152334 152334 160772 163302 163302 163302 160772 163302 178258 178258 178258 183560 183560 183560 192583 202114 202114 202114 192583 202114 204332 204332 211713 211713 218984 225495 225495 225495 218984 218984
100 0
18189 18189 27600 29344 29344 29344 27600 29344 42137 42137 46465 46465 46465 46465 61242 67833 67833 67833 61242 67833 86885 86885 96350 96350 96350 96350 105751 108386 108386 108386 105751 108386 115587 119968 119968 119968 115587 119968 129569 129569 129569 130348 130348 130348 135124 135124 136106 136106 136106 136106 147635 150176 150176 150176 147635 150176 161580 161580 161580 167633 167633 167633 181551 181551 182243 182243 182243 182243 190416 197885 197885 197885 190416 197885 204406 204406 204406 207454 207454 207454 214088 214139 214139 214139 214088 214139 220734 229421 230662 230662 230662 229421 234522 242810 242810 242810 234522 234522 229421 220734
100 0
17927 22023 22023 22023 22023 30856 39446 39446 39446 30856 39446 52290 52290 59541 59541 59541 59541 67335 67335 67335 74550 74550 74550 81711 81711 81711 87966 87966 87966 89317 94961 94961 94961 89317 94961 113820 113820 115171 115171 115171 115171 129611 137976 137976 137976 129611 137976 145836 145836 145836 155760 155760 155760 164813 173240 173240 173240 164813 173240 188148 193778 193778 193778 188148 193778 205337 205337 205337 211442 211442 211442 214768 223622 223622 223622 214768 223622 235520 235520 235651 235651 235651 235651 244094 244094 253122 253122 253122 253122 257635 257635 257635 258246 260220 261916 261916 261916 260220 260220 258246
100 0
938 12951 12951 12951 19096 19096 19096 34149 34149 34163 34163 34163 34163 41592 41592 41592 47763 47763 47763 56627 59715 59715 59715 56627 59715 75413 84861 84861 84861 75413 84861 99588 101744 101744 101744 99588 101744 108855 109229 109229 109229 108855 109229 117494 125964 125964 125964 117494 125964 136295 136295 138049 138049 138049 138049 145703 148106 148106 148106 145703 148106 151546 156941 156941 156941 151546 156941 161134 164221 164221 164221 161134 164221 167458 169189 169189 169189 167458 169189 173616 175905 175905 175905 173616 175905 188669 194903 198782 200707 203723 203723 203723 200707 200707 198782 198782 194903 194903 188669 188669
100 0
16373 16373 16373 16373 30210 31209 31209 31209 31209 40235 48265 48265 48265 48265 57474 57474 59842 59842 59842 66377 66377 72534 72534 72534 82402 82402 90288 90288 90288 100898 100898 110078 110078 110078 125057 129292 129292 129292 129292 131560 131560 133196 133196 133196 139831 147050 147050 147050 147050 152496 152496 152496 153281 153281 165155 170352 170352 170352 170352 180784 181562 181562 181562 181562 186638 186638 196176 196176 196176 211284 213161 213161 213161 213161 231281 239327 239327 239327 239327 243097 243097 252723 252723 252723 263235 263235 263235 264808 264808 278560 278560 286612 286612 286612 296082 296082 297156 297156 297156 305934
100 0
12346 21621 21621 24795 24795 34068 42738 44037 44037 44037 42738 42738 34068 34068 24795 21621 44037 47823 47823 56601 56601 56601 57410 57410 57410 47823 65208 70795 72718 79210 79210 79210 72718 72718 70795 70795 79210 89546 89546 90698 90698 90698 100128 100128 100128 109127 112132 112132 113738 113738 113738 123000 123000 123000 112132 109127 123000 140121 140121 143497 144365 152610 152610 152610 159718 159718 159718 144365 144365 143497 161542 166276 166276 166276 161542 161542 166276 172583 172583 172583 172747 172747 172747 181674 181674 181674 188390 195948 195948 195948 188390 188390 200306 202534 202534 202534 202534 219204 219204 219204
100 0
16515 16515 26039 26039 28791 28791 28791 26039 28791 42142 42893 47443 53750 53750 54436 59391 59391 59391 54436 60240 60240 60240 54436 53750 47443 47443 42893 42893 60240 69831 73349 73349 74024 74024 74221 74221 74221 80221 81412 81412 87151 87151 87151 81412 80221 80221 74024 73349 87151 96430 105262 105262 109047 109047 109136 109136 117036 119256 119256 128114 128114 128114 119256 117036 117036 109136 109047 105262 128114 143915 152552 160769 163434 172558 174782 180024 180024 180024 174782 174782 172558 172558 163434 163434 160769 160769 152552 152552 180024 192739 200651 200651 200651 202770 202770 205590 205590 205590 202770 192739
100 0
10041 10041 10041 10041 24201 24201 24201 33242 37720 37720 37720 33242 33242 37720 45799 45799 45799 55334 60674 60674 60674 55334 55334 60674 70355 72002 76311 76311 76311 72002 72002 70355 70355 76311 88100 96964 97172 97172 97172 96964 96964 88100 88100 97172 109289 109289 109289 117447 124284 124284 124284 117447 117447 124284 134633 134633 140506 140506 140506 143264 143264 143264 134633 143264 148867 148867 156492 156492 165462 165462 165462 156492 148867 165462 173399 173399 182546 191273 191273 191273 182546 182546 173399 191273 203128 208720 215164 215164 215164 208720 208720 203128 203128 215164 223056 223056 232575 232575 232575 223056
100 0
10360 10360 10360 10360 26666 26666 26666 28174 28174 31356 31356 31356 39671 39671 43243 43243 51221 51221 51221 66387 66387 72348 72348 72348 77124 77124 77124 84238 84238 96274 98193 98193 98193 98193 111398 111398 111398 116007 116007 127161 127161 127161 129374 129374 146233 146233 146233 146328 146328 159331 159331 167277 167277 167277 168964 168964 168964 171335 171335 181105 183980 183980 183980 183980 188555 188555 190356 190356 190356 200471 210270 210270 210270 210270 220653 220653 220838 220838 220838 238383 238383 238383 242730 242730 246115 254065 254065 254065 254065 265080 265080 267337 267337 267337 279419 279419 288720 288720 288720 296393
100 0
7804 7804 21160 21262 29843 29843 29843 21262 21262 21160 21160 29843 40271 43609 43609 45251 45251 45251 43609 40271 40271 45251 51780 54556 55927 55927 55927 54556 54556 51780 51780 55927 59292 59292 59292 67414 67414 76272 76272 76272 67414 76272 87845 92886 92886 102214 102214 102214 92886 87845 87845 102214 105051 114660 114660 123957 123957 123957 114660 105051 105051 123957 129419 129419 129419 136087 140533 140533 140533 136087 136087 140533 148192 148192 150888 150888 150888 148192 159779 159779 159779 159779 168883 168883 168883 175437 175437 181317 181317 181317 175437 181317 191665 191665 199743 203623 203623 203623 199743 199743
100 0
14358 14358 14358 19978 19978 19978 26833 30854 31763 38775 38775 38775 31763 31763 30854 30854 26833 38775 45323 53629 56890 64114 68255 68255 75691 77186 77186 77186 75691 75691 68255 64114 64114 56890 56890 53629 53629 77186 88626 96769 96769 96882 96882 100200 103708 103708 103708 107346 107346 111447 111447 111447 107346 100200 100200 96882 96769 111447 120238 120238 120238 124220 124220 127692 128751 131963 135136 138552 138552 138552 135136 135136 131963 131963 128751 128751 127692 138552 147842 149990 149990 149990 147842 147842 159812 159812 159812 163270 167653 167653 167653 163270 163270 172601 172601 172601 177524 177524 189824 189824
100 0
12256 21989 23909 27895 27895 27895 23909 23909 21989 21989 12256 27895 37680 37680 37680 43408 48110 48110 48110 50359 58381 62398 64837 64837 64837 62398 62398 58381 58381 50359 50359 64837 77719 77719 77719 80124 85952 95776 97624 103141 103141 113055 113055 113055 103141 97624 97624 95776 95776 85952 85952 113055 126837 126837 135997 144428 144428 144428 135997 135997 149611 149611 152408 152408 153852 155041 155041 155041 153852 153852 152408 155041 163605 169136 169136 169136 163605 163605 178070 179064 179064 182247 182247 182247 179064 178070 178070 188674 198174 198174 198174 198174 206945 207701 214777 214777 214777 207701 207701 206945
100 0
3840 3840 3840 9705 9705 9705 26648 33384 33384 33384 26648 33384 40491 40491 47731 47731 47731 47731 64475 66273 66273 66273 64475 66273 69839 69839 69839 77601 77601 77601 91562 91769 91769 91769 91562 91769 102621 102621 110803 110803 110803 110803 116533 122791 122791 122791 116533 122791 129309 136589 136589 136589 129309 136589 146187 146187 146187 147043 147043 147043 152123 157052 157052 157052 152123 157052 159817 165296 165296 165296 159817 165296 175561 182917 182917 182917 175561 182917 201211 203757 203757 203757 201211 203757 221650 227603 227603 227603 221650 227603 241017 241206 241206 243726 247028 247028 247028 243726 243726 241206
100 0
13868 13868 25602 25602 33142 33142 33142 46097 46097 46097 46703 46703 54849 55960 55960 55960 55960 60301 60301 60301 69792 69792 83239 83239 83239 90229 90229 106557 106557 106557 109359 109359 120908 130556 130556 130556 130556 139074 139074 145458 145458 145458 153699 153699 162778 162778 162778 169480 169480 171057 171057 171057 178373 178373 184059 184059 184059 195439 195813 195813 195813 195813 209134 209134 217572 217572 217572 233896 242808 242808 242808 242808 258495 258495 258495 267793 267793 284709 291627 291627 291627 291627 308996 308996 308996 313627 313627 321925 329044 329044 329044 329044 340413 340413 340413 348672 348672 358697 358697 358697
100 0
8225 18676 26609 26609 26609 26609 35511 35511 35511 38668 38668 48506 58168 58168 58168 58168 63263 63263 63263 72637 72637 84325 89371 89371 89371 89371 98361 98361 98361 105281 105281 115071 115071 116248 116248 116248 125742 125742 125925 125925 125925 136052 138225 138225 138225 138225 146853 149798 149798 149798 149798 156983 163481 163481 163481 163481 181409 181409 181409 184707 184707 196303 196303 196303 205508 205508 214715 221375 221375 221375 221375 233536 233536 237847 237847 237847 249033 249033 249033 252452 252452 263197 263197 263197 264572 264572 276516 284970 284970 284970 284970 291475 291475 298777 298777 298777 304546 305233 305233 305233
100 0
9611 11342 11342 11342 11342 27647 35395 35395 41218 48441 48441 51802 56325 57223 57223 57223 56325 56325 51802 51802 48441 41218 41218 35395 57223 59644 63605 63605 71819 71819 80808 90774 90774 90774 94225 99803 99803 99803 94225 94225 80808 80808 71819 63605 99803 109174 112545 112545 114846 114846 114846 119469 124048 129694 129694 129694 124048 135188 135188 135188 124048 119469 119469 112545 135188 143617 143617 150686 150686 150686 143617 159141 159832 165720 165720 173426 177802 177802 177802 173426 173426 165720 159832 159832 177802 188740 191168 193802 194503 194503 199126 199126 199126 194503 193802 193802 191168 191168 188740 188740
100 0
14859 14859 25018 27751 27751 27751 27751 45296 54703 54703 54703 54703 65318 74060 74060 74060 74060 82379 82379 89959 89959 89959 94357 94357 104021 104021 104021 111635 111635 117877 117877 117877 124314 124369 124369 124369 124369 134340 134340 140444 140444 140444 150000 154708 154708 154708 154708 160671 160671 160671 163432 163432 169921 178250 178250 178250 178250 189057 189057 189057 196599 196599 204541 214011 214011 214011 214011 223863 225378 225378 225378 225378 230631 230631 230631 234881 234881 244647 251150 251150 251150 251150 257541 264245 264245 264245 264245 268323 278030 278030 278030 278030 291106 291106 297011 297011 297011 307326 307326 307326
100 0
7169 7169 17313 17313 21148 21622 21622 21622 21148 21148 17313 21622 32620 38981 40983 40983 40983 38981 38981 32620 32620 40983 48737 48737 48737 54112 54112 60772 60772 60772 54112 60772 74382 84041 84041 84718 84718 84718 84041 74382 74382 84718 98025 98025 98025 102983 102983 108126 108126 108126 102983 108126 120236 120236 120236 122088 127419 127419 127419 122088 122088 127419 136407 136407 136407 145592 150890 150890 150890 145592 145592 150890 166457 166457 170367 174408 174408 174408 170367 170367 166457 174408 187403 187403 187403 194453 194453 194453 201237 201237 201237 201237 213689 217703 218460 218460 218460 217703 217703 213689
100 0
9211 9211 10248 10248 18570 18570 18570 10248 9211 18570 26783 31506 31506 37795 37795 37795 31506 26783 26783 37795 45871 45871 47359 50704 50704 50704 47359 47359 45871 50704 59911 69811 76558 76558 76558 69811 69811 59911 59911 76558 87390 89948 89948 97745 97745 97745 89948 87390 87390 97745 115917 115917 119104 119104 127012 127012 127012 119104 115917 127012 140128 147523 153496 153496 153496 147523 147523 140128 140128 153496 158836 165888 171669 171669 171669 165888 165888 158836 158836 171669 178557 180185 180748 180748 180748 180185 180185 178557 178557 180748 194658 194658 194658 201450 207356 207356 207356 201450 201450 207356
100 0
15070 15070 15070 28116 35623 35623 35623 35623 44571 44571 47526 47526 47526 52460 54927 54927 54927 54927 70001 70001 74132 74132 74132 86668 86668 86668 96526 96526 100461 100461 100461 102984 102984 111418 113549 113549 113549 113549 117979 118098 118098 118098 118098 129789 129789 132541 132541 132541 143894 150561 150561 150561 150561 153592 153592 153592 159511 159511 175229 175229 175229 176231 176231 185470 185470 185470 193184 193184 203162 203162 203162 208659 208659 219867 224131 224131 224131 224131 229309 234167 234167 234167 234167 243474 250306 250306 250306 250306 258038 258038 258038 258158 258158 268489 268489 273292 273292 273292 278601 278601
100 0
14537 14537 29479 29479 29821 29821 29821 36734 36734 43878 43878 43878 49471 49471 49471 57052 57052 70199 73543 73543 73543 73543 83298 83298 83298 93064 93064 111202 111202 111202 113341 113341 130110 130110 130110 132586 132586 151914 151914 159295 159295 159295 166518 171829 171829 171829 171829 175647 175647 175647 179834 179834 186136 194992 194992 194992 194992 211325 219430 219430 219430 219430 228083 232934 232934 232934 232934 251679 251679 251679 253676 253676 260136 260136 268245 268245 268245 281384 281384 286418 286418 286418 298827 307583 307583 307583 307583 314934 314934 314934 316123 316123 322814 322814 322814 330598 330598 341984 341984 341984
100 0
16293 16293 22220 22220 31600 31600 39412 42034 42034 42034 39412 39412 31600 22220 16293 42034 51891 51891 51891 54161 54866 54866 54866 54161 54161 56411 57693 57693 57693 56411 56411 64484 64484 64484 69486 69486 81927 83858 83858 83858 88566 88566 88566 81927 81927 96923 96923 96923 102335 108055 116364 116364 116364 108055 108055 116364 125389 128130 128130 128130 129103 129103 129103 125389 129899 139255 141963 141963 143069 143069 143069 141963 139255 139255 129899 143069 155710 158571 158571 166843 167292 173140 173140 174928 183820 183820 183820 174928 174928 173140 167292 167292 166843 166843 158571 183820 191883 195849 195849 195849
100 0
6182 6182 17531 23335 23335 23335 23335 25508 34928 34928 34928 34928 48687 48687 52774 52774 52774 55444 64489 64489 64489 64489 74407 74407 75770 75770 75770 77870 82176 82176 82176 82176 95862 99032 99032 99032 99032 101598 101598 101598 105027 105027 119674 119674 119674 124109 124109 141416 141416 141416 150831 150831 159127 159127 159127 167787 167787 180789 180789 186626 186626 186626 198029 198185 198185 198185 198185 201955 202981 202981 202981 202981 217270 221865 221865 221865 221865 230021 235144 235144 235144 235144 244134 247345 247345 247345 247345 262332 268599 268599 268599 268599 279326 286452 286452 286452 286452 290357 290357 290357
100 0
18313 18313 32844 32844 32844 35089 35089 35089 36356 36356 36356 45799 45799 45799 55745 64869 64869 64869 55745 64869 69608 74160 74160 74160 69608 74160 88245 89667 89667 89667 88245 89667 104422 104422 104422 110133 110133 110133 121186 130441 130441 130441 121186 130441 134293 135886 135886 135886 134293 135886 143279 146137 146137 146137 143279 146137 153554 153554 156572 156572 156572 156572 167672 168309 168309 168309 167672 168309 179536 179536 187062 187062 187062 187062 194811 194811 197591 197591 197591 197591 210339 220144 220144 220144 210339 220144 239323 239323 247404 253070 255579 255579 255579 253070 253070 247404 247404 239323 262731 262731
100 0
17624 25002 31886 31886 31886 25002 25002 31886 48856 48856 56238 64602 64602 68260 73470 73470 73470 78742 78742 78742 68260 87597 87597 87597 68260 64602 56238 87597 92759 92759 95341 95341 95341 92759 98784 98784 98784 100166 100166 108928 108928 111434 120227 120227 120227 111434 111434 120227 139034 147556 148399 153300 153300 153300 148399 148399 163052 163655 166840 166840 166840 163655 163655 163052 163052 147556 147556 166840 172475 172475 176227 176227 176227 179947 181316 181316 181316 189135 198175 198175 198175 205820 205820 205820 189135 189135 179947 205820 219881 219881 219881 226257 226257 229586 233937 233937 233937 229586 229586 226257
100 0
6316 9672 9672 9672 6316 9672 15044 22910 22910 22910 15044 22910 28043 28043 28043 29624 29624 29624 38148 38262 38262 38262 38148 38262 47447 47447 47447 51594 51594 51594 64174 67905 67905 67905 64174 67905 78376 80047 80047 80047 78376 80047 94449 94449 104050 104050 104050 104050 112004 112004 118543 118543 118543 118543 133795 140350 140350 140350 133795 140350 149105 149105 149105 156513 156513 156513 167376 167376 167376 168746 168746 168746 180353 180353 180353 187961 187961 187961 196819 196819 206328 206328 206328 206328 216216 216216 225573 225573 225573 225573 235578 235578 238983 242708 250226 250226 250226 242708 242708 238983
100 0
6934 10820 10820 10820 15592 15592 27818 27818 27818 36821 36821 49433 58493 58493 58493 58493 64491 64491 65524 65524 65524 73045 73045 77758 77758 77758 90858 90858 90858 97253 97253 102325 102325 102325 109535 109535 118814 118814 128369 128369 128369 131663 131663 141394 141394 141394 152766 153478 153478 153478 153478 162942 162942 165693 165693 165693 180214 183568 183568 183568 183568 192903 198626 198626 198626 198626 206775 215369 215369 215369 215369 225368 232883 232883 232883 232883 242536 249586 249586 249586 249586 260293 264756 264756 264756 264756 275381 275381 275386 275386 275386 288547 288547 288547 289130 289130 302118 305463 305463 305463
100 0
13033 13033 22877 30946 30946 30946 30946 41689 50969 50969 50969 50969 60626 60626 63362 63362 63362 77413 86843 86843 86843 86843 95422 95422 104508 104508 104508 113835 113835 113835 118848 118848 127790 127790 127790 133803 133803 139731 144963 144963 144963 144963 149390 149390 153546 153546 153546 169600 176163 176163 176163 176163 187084 192156 192156 192156 192156 198555 208417 208417 208417 208417 218663 218663 219410 219410 219410 232037 232660 232660 232660 232660 245318 246243 246243 246243 246243 249823 251725 251725 251725 251725 265904 267126 267126 267126 267126 280543 286530 286530 286530 286530 299862 308985 308985 308985 308985 320737 320737 320737
100 0
11445 11445 12290 21258 25136 32970 38634 38634 38634 32970 32970 25136 25136 21258 21258 12290 12290 38634 54063 54063 59781 59781 62204 71164 79714 85380 87949 87949 87949 85380 85380 79714 79714 71164 71164 62204 62204 87949 96334 96334 96334 103682 107985 107985 109135 109135 114469 118986 118986 118986 114469 128195 128195 128195 114469 109135 107985 128195 141882 141882 142139 143117 147237 156617 157013 157013 164755 164755 164755 157013 156617 156617 147237 147237 143117 143117 142139 164755 179321 179321 182265 182265 182265 183386 183386 191646 191646 195465 195465 195465 199221 203121 203121 203121 199221 199221 191646 203121 213471 213471
100 0
8937 18778 18778 18778 26288 26288 26288 31156 32936 37530 37530 44992 53992 53992 53992 44992 44992 37530 32936 32936 53992 67502 67502 67502 71879 75117 83765 83989 83989 83989 83765 89574 89574 89574 96751 96751 96751 83765 75117 75117 96751 104459 104459 104459 106468 108213 108213 112137 112137 112137 108213 120049 126081 135727 135727 135727 126081 126081 120049 120049 135727 141305 146269 146269 147837 149857 149857 159052 159052 162707 167013 167013 167013 162707 162707 159052 149857 147837 147837 146269 167013 184785 193063 193063 201065 203475 203475 203475 201065 212086 216395 216395 223665 223665 223665 216395 212086 212086 201065 193063
100 0
12153 12153 12153 17563 17563 29466 29466 29466 35271 42151 42151 42151 35271 50438 50438 54329 61035 61035 61035 54329 54329 50438 35271 70980 70980 86761 91102 91102 97204 97204 97204 91102 86761 106169 106169 106169 112877 114773 114773 116910 116910 116910 114773 112877 116910 127897 128197 128197 134336 134336 134336 128197 127897 127897 139962 139962 148040 148040 148040 139962 149972 154795 154795 154795 154795 160138 160138 165987 165987 169179 170370 174939 174939 176555 181073 181073 181073 176555 176555 174939 170370 170370 169179 169179 181073 194943 194943 195830 199844 207955 207955 214349 214349 214349 207955 199844 199844 195830 195830 194943
100 0
9463 10500 10500 10500 9463 10500 20254 26102 26102 26102 20254 26102 37877 37877 47204 47204 47204 47204 63393 64858 64858 64858 63393 64858 80979 88512 88512 88512 80979 88512 98613 98613 98613 106006 106006 106006 116581 116581 124085 124085 124085 124085 137921 144495 144495 144495 137921 144495 151117 159840 159840 159840 151117 159840 168657 169029 169029 169029 168657 169029 176854 177443 177443 177443 176854 177443 189563 189563 195812 195812 195812 195812 211300 211300 216857 216857 216857 216857 222032 222823 222823 222823 222032 222823 236395 236395 237899 237899 237899 237899 250816 250816 257674 264702 264702 264702 257674 268889 268889 268889
100 0
1717 1717 11994 19377 19377 19377 11994 21365 21365 21365 11994 21365 32831 32831 39179 39179 41444 41444 41444 39179 32831 41444 59827 60575 66806 66806 66806 60575 60575 59827 59827 66806 78196 78196 82618 85686 85686 85686 82618 82618 78196 85686 88268 88268 96342 96342 96520 96520 96520 96342 88268 96520 102530 102530 102543 106583 106583 106583 102543 102543 102530 106583 118204 118634 118634 118634 118204 120096 120096 120096 118204 120096 129277 129277 129277 137787 145959 145959 145959 137787 137787 145959 159212 159212 159212 160138 160138 160138 161240 161240 161240 161240 178934 178934 183041 187426 187426 187426 183041 183041
100 0
11487 11487 11487 19112 28780 28780 28780 28780 39386 39386 45353 45353 45353 57716 59704 59704 59704 59704 71670 71670 75242 75242 75242 83673 84323 84323 84323 84323 94379 94379 101132 101132 101132 106497 110333 110333 110333 110333 120184 124233 124233 124233 124233 125073 134852 134852 134852 134852 138145 138730 138730 138730 138730 148750 152750 152750 152750 152750 169141 173581 173581 173581 173581 187620 195038 195038 195038 195038 202167 210050 210050 210050 210050 216693 225681 225681 225681 225681 229668 229929 229929 229929 229929 234150 234150 243997 243997 243997 250852 257302 257302 257302 257302 263900 263900 263900 270154 270154 280216 280216
100 0
1248 1593 1593 1593 1248 2863 2863 2863 10504 10504 11272 11272 11528 11528 11528 17865 17865 27282 33502 33502 34085 34085 34085 33502 27282 27282 17865 34085 48690 48690 49868 51335 54745 56978 57343 64510 64510 64510 57343 57343 56978 56978 54745 54745 51335 51335 49868 64510 78764 78764 85927 91513 97802 107068 107068 107068 107641 114700 114700 114700 107641 107641 97802 97802 91513 91513 85927 114700 123955 123955 123986 123986 123986 131763 140153 140153 142060 149892 149892 149892 142060 157889 157889 157889 142060 140153 131763 157889 159432 159432 162496 162496 162496 166503 166503 166503 175415 175415 175415 159432
100 0
4306 4306 4306 12351 12351 20073 20073 20073 20073 36003 42668 42668 42668 36003 42668 61141 61141 61141 64206 64206 64206 68831 68831 68831 77884 77884 77884 86944 86944 86944 90010 90010 90010 97986 97986 107451 107451 107451 107451 116365 125723 125723 125723 116365 125723 133544 133544 133544 138795 138795 138795 140436 146511 146511 146511 140436 146511 155175 157930 157930 157930 155175 157930 164535 170468 170468 170468 164535 170468 180022 183793 183793 183793 180022 183793 192806 200701 200701 200701 192806 200701 209646 210964 210964 210964 209646 210964 224696 225745 225745 228395 228395 228395 233422 242910 242910 242910 233422 233422 225745
100 0
6825 14548 14548 14548 6825 6825 14548 26438 29233 29233 33224 41877 41877 41877 33224 33224 48160 48160 48160 48952 57272 57272 57272 48952 48952 29233 57272 71776 80712 82952 87334 95230 102928 109537 109537 109537 102928 102928 95230 95230 87334 87334 82952 82952 80712 80712 109537 125636 125636 127560 127560 130742 130742 136557 139872 139872 149460 149460 156606 156606 156606 149460 139872 136557 136557 130742 156606 162201 162201 167112 167112 169917 179600 179600 179600 169917 181618 185673 185673 192908 192908 192908 185673 181618 181618 169917 192908 210877 210877 210877 219388 225439 227298 227298 227298 233886 233886 233886 225439 225439
100 0
3581 3581 3581 10299 10299 10299 25307 27587 29974 29974 36315 36315 36315 45369 47217 55761 55761 55761 47217 47217 45369 45369 29974 27587 27587 55761 64231 64231 64231 73019 73019 74312 75100 77557 77557 77557 85404 86821 86821 86821 85404 85404 75100 75100 74312 86821 94451 100353 103690 103690 103690 105754 113257 113257 113257 105754 121739 121739 125734 125734 125734 121739 105754 100353 100353 125734 141187 146755 147410 147410 147410 146755 155370 158385 159564 159564 161251 161251 161251 159564 158385 158385 155370 155370 146755 161251 170922 174468 175174 175174 183887 189738 189738 189738 183887 183887 175174 174468 174468 170922
100 0
2448 2448 16162 16162 23646 23646 23646 23646 34572 34572 34572 42558 42558 42558 50947 58261 58261 58261 50947 58261 66873 72096 72096 72096 66873 72096 84509 92912 92912 92912 84509 92912 98121 101328 101328 101328 98121 101328 103114 103114 112523 112523 112523 112523 124957 129521 129521 129521 124957 129521 135190 135190 135526 135526 135526 135526 142699 151121 151121 151121 142699 151121 163164 166840 166840 166840 163164 166840 171040 175442 175442 175442 171040 175442 191383 200192 200192 200192 191383 200192 209033 209033 213899 213899 213899 213899 225220 231401 239064 245141 245141 251897 251897 251897 245141 239064 239064 231401 231401 225220
100 0
10350 17128 17128 17128 10350 17128 27258 27258 36203 36203 36203 36203 51649 53235 53235 53235 51649 53235 58668 58668 61826 61826 61826 61826 80672 80672 89855 89855 89855 89855 102180 109217 109217 109217 102180 109217 120270 120270 120408 120408 120408 120408 126573 126573 126573 129143 129143 129143 132980 132980 136982 136982 136982 136982 155850 162222 162222 162222 155850 162222 179362 179362 183611 183611 183611 183611 197110 202610 202610 202610 197110 202610 203518 208939 208939 208939 203518 208939 225748 225748 225748 233403 233403 233403 243512 243549 243549 243549 243512 243549 260453 267303 274506 277958 277958 277958 274506 274506 267303 267303
100 0
1242 11242 18527 18527 18527 11242 11242 23310 23310 23310 23310 31636 37701 37701 39717 39717 39717 37701 31636 31636 39717 44456 44456 47026 47026 55120 55120 55120 47026 44456 55120 66383 72896 72896 82291 82291 82291 72896 66383 66383 82291 97925 97925 102356 106935 106935 106935 102356 102356 97925 106935 112916 112916 112916 120196 120806 120806 120806 120196 120196 120806 124470 124470 124470 132593 134341 134341 134341 132593 132593 134341 136600 136600 143791 152983 152983 152983 143791 143791 136600 152983 156238 157105 157105 157105 156238 159824 159824 159824 156238 159824 172269 173826 180815 180815 180815 173826 173826 172269 172269
100 0
1552 3289 6271 10104 11770 11770 11770 10104 10104 6271 6271 3289 3289 11770 22173 22173 22173 23651 25909 25909 25909 30682 30682 30682 37039 37039 43363 45229 45229 45229 43363 43363 37039 45229 53050 53050 56370 64421 68901 68901 68901 64421 64421 56370 56370 53050 73684 73684 73684 80713 85825 85825 85825 85825 94385 101115 101115 101115 110226 110226 117272 117272 117272 110226 122381 122381 122381 129365 129365 134741 134741 134741 129365 134741 140579 142495 142495 142495 149497 150302 150939 152172 152172 152172 150939 161343 161343 161343 150939 150302 150302 149497 149497 161343 164126 171386 171386 171386 164126 164126
100 0
4686 4686 4686 12032 20539 20539 20539 12032 20539 31010 39700 39700 39700 31010 39700 49444 57862 57862 57862 49444 57862 71260 71260 78030 78030 78030 78030 87626 87626 87626 94669 94669 94669 95721 101936 101936 101936 95721 101936 109252 115449 115449 115449 109252 115449 132248 132248 138980 138980 138980 138980 149280 155458 155458 155458 149280 155458 165699 165699 165699 171830 171830 171830 172544 172544 182157 182157 182157 182157 194205 194205 194205 198043 198043 198043 212190 219015 219015 219015 212190 219015 233704 235965 235965 235965 233704 235965 246229 246229 246229 252054 252054 260407 260407 260407 265962 275136 275136 275136 265962
100 0
8948 13065 13065 22100 22100 22100 13065 8948 8948 31723 31723 31723 31723 42668 48814 48814 48814 42668 42668 51682 52376 59162 66618 66618 66618 71308 71308 71308 59162 59162 52376 52376 71308 84343 84343 84343 93208 98418 104289 104289 104289 114100 118454 119825 119825 119825 118454 118454 114100 114100 98418 98418 119825 135786 137643 137643 146259 150845 150845 152808 161940 161940 161940 152808 152808 166769 166769 166769 150845 146259 146259 137643 166769 172916 172916 181777 182519 182519 182519 183880 183880 183880 190673 190673 190673 193242 201069 201069 201069 193242 193242 181777 201069 204530 210671 210671 217450 217450 217450 210671
100 0
12364 12364 14099 14099 14099 20346 26061 26061 26061 20346 26061 33484 33484 35529 35529 35529 35529 43648 53340 53340 53340 43648 53340 57284 66262 66262 66262 57284 66262 77135 79382 79382 79382 77135 79382 87379 91136 91136 91136 87379 91136 104792 105759 105759 105759 104792 105759 112430 112430 119923 119923 119923 119923 133466 142536 142536 142536 133466 142536 160026 160026 160026 164013 164013 164013 174454 175077 175077 175077 174454 175077 188629 194887 194887 194887 188629 194887 205494 213608 213608 213608 205494 213608 220187 220187 220187 229994 229994 229994 245695 247361 247361 254001 256999 256999 256999 254001 254001 247361 245695
100 0
11838 11838 25868 27279 27279 27279 25868 27279 41483 42776 42776 42776 41483 42776 48323 48323 48323 55172 55172 55172 61301 69869 69869 69869 61301 69869 83804 83804 85035 85035 85035 85035 93986 94248 94248 94248 93986 94248 99647 106041 106041 106041 99647 106041 119894 127358 127358 127358 119894 127358 132159 141899 141899 141899 132159 141899 150533 150533 150533 158214 158214 158214 173089 173089 173089 179672 179672 179672 186527 186978 186978 186978 186527 186978 201535 201535 210134 210134 210134 210134 218115 218115 228070 228070 228070 228070 244794 244794 253587 258758 266666 266727 266727 266727 266666 266666 258758 258758 253587 253587
100 0
9168 9168 9168 9168 17223 17223 25399 25469 25469 25469 25399 25399 17223 25469 33035 33035 39158 39158 40846 40846 40846 39158 33035 40846 55794 55794 55794 59154 59154 59154 62539 62539 62539 62539 72969 74361 74361 83186 83186 83186 74361 72969 72969 83186 91510 99716 99716 104531 104531 104531 99716 91510 91510 104531 108998 110438 110438 110438 117563 117563 117563 108998 108998 117563 127345 127345 127345 137076 137230 137230 137230 137076 137076 137230 152563 152563 152563 155008 155008 155008 159006 159006 159006 159006 170331 170331 170331 176579 176579 183992 183992 183992 176579 183992 197723 197723 206341 206341 206341 197723
100 0
9494 9494 12777 12777 12777 9494 12777 23372 33364 36574 36574 36574 33364 33364 23372 23372 36574 44584 52545 57265 57265 57265 52545 52545 44584 44584 57265 68155 68155 70773 70773 72879 72879 72879 70773 68155 72879 81259 85316 89697 89697 89697 85316 85316 81259 81259 89697 91037 100853 100853 104307 104307 104307 100853 91037 91037 104307 120601 126630 126630 136536 136536 136536 126630 120601 120601 136536 144596 144596 144596 151146 154080 154080 154080 151146 151146 154080 167915 175537 184960 184960 184960 175537 175537 167915 167915 184960 199111 199111 199111 204629 204629 204629 209961 209961 209961 209961 227082 227082 227082
100 0
2368 2368 2368 8539 8539 8539 8539 16747 16747 16747 22383 28497 28497 28497 22383 22383 28497 38571 40117 45502 45502 45502 40117 40117 38571 38571 45502 53773 60738 60738 60738 53773 66423 66423 66423 53773 66423 78770 82506 86908 86908 86908 82506 82506 78770 78770 86908 91968 99319 100158 100158 100158 99319 99319 91968 91968 100158 113130 113130 116862 116862 116862 113130 125493 125493 125493 125493 136695 136695 139115 139115 142753 142753 142753 139115 136695 142753 152430 152430 161798 161798 161798 152430 165362 165362 165362 165362 175339 183242 183242 183242 175339 193114 193114 193114 175339 193114 198037 198037 198037
100 0
11373 11373 11373 14107 23929 23929 23929 14107 14107 23929 34373 34373 34373 42144 43390 43390 43390 42144 42144 43390 51751 52152 52152 52152 56699 56699 56699 51751 51751 56699 68802 68802 68802 74054 81001 81001 81001 74054 74054 81001 95186 95186 99806 105512 105512 105512 99806 99806 95186 105512 115602 115602 122113 122113 122113 115602 129408 129408 129408 129408 133889 133889 137784 147346 147346 147346 137784 137784 133889 147346 154781 154781 154781 159743 159743 159743 161650 161650 161650 161650 180254 183205 183205 183205 184180 184180 184180 180254 180254 184180 194958 194958 195712 195712 200111 200111 200111 195712 194958 200111
100 0
14201 14564 14564 16633 16633 23510 24719 24719 24719 23510 23510 26907 26907 26907 16633 14564 26907 33484 33484 36777 36777 36777 40256 49860 51504 51504 61007 70218 70218 70218 61007 61007 51504 49860 49860 40256 70218 76033 76033 81169 88273 88273 88273 95140 98089 99213 101570 101570 101570 99213 99213 98089 98089 95140 95140 81169 101570 108534 114348 114348 114348 115609 116856 116856 116856 117706 127052 127052 127052 117706 133383 133383 133383 117706 115609 115609 133383 135609 135609 135609 143693 147390 147390 147390 143693 143693 149931 158419 159185 169009 169009 169009 159185 159185 158419 158419 169009 174849 174849 174849
100 0
5008 5008 5008 5008 13416 13416 23141 23141 23141 23141 29115 38704 38704 38704 29115 38704 45714 52299 52299 52299 45714 52299 61364 61364 61364 66235 66235 66235 77754 82656 82656 82656 77754 82656 89383 89383 91443 91443 91443 91443 96147 101806 101806 101806 96147 101806 103384 105403 105403 105403 103384 105403 119913 119913 127780 127780 127780 127780 144139 144139 144139 146264 146264 146264 155862 156333 156333 156333 155862 156333 172031 172031 173462 173462 173462 173462 188951 188951 188951 192086 192086 192086 201167 201167 209697 209697 209697 209697 217328 217328 217328 222228 229157 236604 236604 236604 229157 229157 222228 222228
100 0
4136 4136 4136 13276 13276 18092 24897 24897 24897 24897 35144 35144 43103 43103 43103 55832 55832 55832 56463 56463 67821 67821 76218 76218 76218 89200 95287 95287 95287 95287 106565 113544 113544 113544 113544 119360 119360 119360 123508 123508 136793 141398 141398 141398 141398 156719 156719 156719 166190 166190 169265 172143 172143 172143 172143 190781 200113 200113 200113 200113 210752 218956 218956 218956 218956 235984 235984 241133 241133 241133 253832 255808 255808 255808 255808 263657 264841 264841 264841 264841 269878 269878 269878 273224 273224 286388 289893 289893 289893 289893 295865 303445 303445 303445 303445 313304 323153 323153 323153 323153
100 0
12817 12817 30618 30618 30618 38144 38144 43107 52128 52128 52128 52128 63933 63933 63933 70858 70858 80133 88769 88769 88769 88769 106234 111359 111359 111359 111359 125288 128757 128757 128757 128757 141466 146922 146922 146922 146922 157449 160254 160254 160254 160254 173139 182676 182676 182676 182676 192298 192550 192550 192550 192550 211120 218040 218040 218040 218040 229263 229263 229263 230714 230714 238898 242456 242456 242456 242456 251523 251523 251523 251818 251818 256250 263464 263464 263464 263464 270309 279325 279325 279325 279325 291401 291401 291401 294040 294040 307422 307422 314834 314834 314834 323364 323364 323364 331255 331255 342869 342869 342869
100 0
7989 7989 7989 18615 18615 18615 21184 21184 29622 36438 36438 36438 36438 43147 47054 47054 47054 47054 58442 58442 58442 58897 58897 68991 73345 73345 73345 73345 90219 91283 91283 91283 91283 106765 106765 112251 112251 112251 124333 124898 124898 124898 124898 131429 131429 139056 139056 139056 154451 154451 154451 164168 164168 168484 168484 169310 169310 169310 179170 181124 181124 181124 181124 184931 184931 184931 189484 189484 205040 206294 206294 206294 206294 212642 212642 212642 217070 217070 232374 237045 237045 237045 237045 240089 248532 248532 248532 248532 256823 257936 257936 257936 257936 266337 269021 269021 269021 269021 276827 276827
100 0
10282 10282 10282 14749 19318 19318 19318 14749 14749 19318 27929 27929 27929 28264 31202 37247 37247 37247 43096 46510 55743 55743 55743 46510 46510 43096 43096 31202 31202 55743 64932 64932 64932 68385 68385 72547 72547 81377 87183 93193 93193 93193 101294 101294 101294 87183 87183 81377 81377 101294 111726 115160 117341 126869 126869 135930 137651 146090 146090 146090 137651 137651 135930 135930 126869 117341 117341 115160 115160 146090 151279 152267 152267 157314 157314 164517 164517 173134 173134 173134 182859 186623 186623 186623 182859 182859 164517 157314 152267 186623 198030 202632 205865 209053 209053 209053 205865 205865 202632 202632
100 0
13118 13118 17890 18633 27461 27461 27461 18633 18633 17890 17890 27461 35946 35946 38358 38358 42400 42400 42400 38358 35946 42400 55839 55839 62174 62174 67677 67677 67677 62174 55839 67677 81810 81810 81810 90921 90921 90921 98923 98923 98923 98923 105864 105864 105864 111865 118515 118515 118515 111865 111865 118515 124878 134344 134344 140925 140925 140925 134344 124878 124878 140925 159774 165873 165873 165873 167434 167434 167434 159774 159774 167434 182564 182564 184278 187722 187722 187722 184278 184278 182564 187722 199889 209451 212396 212396 212396 209451 209451 199889 199889 212396 224153 232342 241928 241928 241928 232342 232342 224153
100 0
10990 10990 10990 10990 18253 21550 21550 21550 18253 21550 30043 36943 36943 36943 30043 36943 40877 46541 46541 46541 40877 46541 58487 67040 67040 67040 58487 67040 78785 83376 83376 83376 78785 83376 93397 99441 99441 99441 93397 99441 113206 121023 121023 121023 113206 121023 136829 136829 140219 140219 140219 140219 153270 153270 154022 154022 154022 154022 166821 166821 166821 172149 172149 172149 180981 182972 182972 182972 180981 182972 191450 191450 191450 196904 196904 196904 210656 210656 210656 215350 215350 215350 221500 221500 226626 226626 226626 226626 229346 229346 229346 232202 241076 241076 249744 249744 249744 241076 232202 232202
100 0
12073 12073 12073 20769 20769 20769 23543 23543 23543 31662 39148 39148 39148 31662 31662 44488 44670 44670 44670 44670 51764 51764 51764 55447 58533 65432 65432 65432 58533 58533 55447 65634 65634 68608 68608 76051 76051 76051 68608 76051 84037 87014 91706 96915 96915 96915 106841 106841 106841 91706 116132 124089 124089 124089 116132 116132 91706 87014 87014 124089 136542 143857 153520 160128 166453 166453 166453 160128 167350 174429 174429 174429 167350 167350 160128 153520 153520 143857 143857 174429 178187 178187 184204 193642 203251 203251 203251 212274 219128 221046 221046 221046 219128 219128 212274 212274 193642 193642 184204 221046
100 0
11643 11643 19635 21305 21305 21305 19635 21305 22989 24859 24859 24859 22989 24859 41116 41718 41718 41718 41116 41718 55466 59653 59653 59653 55466 59653 74931 74931 78578 78578 78578 78578 92364 92364 93467 93467 93467 93467 107264 107264 110741 110741 110741 110741 117604 117604 123570 123570 123570 123570 129447 129447 129447 133043 133043 133043 139829 139829 139829 147425 147425 147425 165532 173219 173219 173219 165532 173219 178917 178917 178917 181060 181060 181060 193578 197778 197778 197778 193578 197778 210903 217201 217201 217201 210903 217201 220139 220139 220139 224831 231369 238426 238426 238426 247158 247158 247158 231369 231369 224831
100 0
14817 22562 22562 24236 25078 25078 25078 24236 24236 22562 14817 25078 29012 29012 29012 33216 39333 39333 44206 47219 47219 47219 44206 44206 49874 49874 49874 39333 33216 50047 50047 50047 58346 61936 61936 61936 70033 79806 87447 87447 87447 92944 96185 96185 96185 92944 92944 79806 79806 70033 70033 96185 108269 109078 115512 115512 115512 109078 109078 108269 119309 120182 120182 120182 119309 121181 123817 123817 123817 121181 121181 123817 138957 148284 148284 148284 138957 151787 159290 166130 166130 172782 172782 172782 180810 180810 180810 166130 159290 159290 151787 180810 196479 196479 205376 205376 209822 209822 209822 205376
100 0
7258 10599 10599 10599 7258 13024 13024 13024 22373 22373 22373 30947 30947 37034 37034 37034 30947 37034 46850 46850 54914 54914 62170 62170 62170 54914 46850 62170 70464 77038 77301 77301 77301 77038 77038 70464 70464 77301 92886 92886 92886 95688 99386 99386 99386 95688 95688 99386 114474 114474 114474 120076 120076 120076 128405 128405 128405 128405 142301 146108 146108 147978 147978 147978 146108 142301 142301 147978 159464 159464 159464 163484 168516 168516 168516 163484 163484 168516 177324 177324 177324 181689 181689 190453 190453 190453 181689 190453 203329 203329 209764 209764 218106 218106 218106 209764 203329 218106 223021 223021
100 0
12015 12015 21392 21392 21392 21392 33580 38670 38670 38670 33580 38670 45884 55217 55217 55217 45884 55217 65825 69830 69830 69830 65825 69830 80741 80741 82618 82618 82618 82618 95553 96010 96010 96010 95553 96010 107595 112332 112332 112332 107595 112332 129868 135298 135298 135298 129868 135298 143327 143327 149126 149126 149126 149126 156239 156239 156239 162273 162273 162273 175525 182400 182400 182400 175525 182400 190527 194898 194898 194898 190527 194898 206648 211477 211477 211477 206648 211477 220749 220749 220749 227792 227792 227792 238214 238214 248089 248089 248089 248089 258223 258223 258223 262921 262921 262921 265023 265023 273855 273855
100 0
7874 7874 8572 8572 8572 8572 26287 26287 29268 29268 29268 29268 41968 47098 47098 47098 41968 47098 56432 56432 60365 60365 60365 60365 67790 67790 67790 74107 74107 74107 86779 86779 92919 92919 92919 92919 100140 101123 101123 101123 100140 101123 110547 116737 116737 116737 110547 116737 124105 124382 124382 124382 124105 124382 131723 131723 140503 140503 140503 140503 154697 159961 159961 159961 154697 159961 172529 172529 175647 175647 175647 175647 187206 189488 189488 189488 187206 189488 200260 200260 203523 203523 203523 203523 212965 212965 212965 215868 215868 215868 221823 221823 229616 238028 241060 241060 241060 238028 238028 229616
100 0
13092 13092 26068 26068 27295 36596 36596 36596 27295 27295 26068 36596 46024 47904 55883 55883 55883 47904 47904 46024 46024 55883 68697 70150 70150 70150 68697 72083 72083 72083 68697 72083 83343 83343 83343 92199 92199 100448 100448 100448 92199 100448 110519 110519 119099 122321 122321 122321 119099 119099 110519 122321 136481 138484 147506 147506 147506 138484 138484 136481 136481 147506 165433 165433 165433 174832 174832 174832 180479 180479 180479 180479 192657 192657 192657 197389 197389 197389 201051 201051 201051 201051 207882 210600 210600 218248 218248 218248 210600 207882 207882 218248 228783 237774 241652 241652 241652 237774 237774 228783
100 0
14844 21789 21789 21789 14844 21789 35839 35839 35880 35880 35880 45313 45313 45313 35839 45313 62967 62967 62967 68990 69771 69771 69771 68990 68990 69771 74466 76362 76362 76362 74466 74466 81064 81064 81064 81064 90277 97569 104499 104499 104499 97569 97569 90277 90277 104499 117373 123338 130021 130021 130021 123338 123338 117373 117373 130021 135281 135281 138201 144460 144460 144460 138201 138201 135281 144460 154333 154333 154333 154754 159848 159848 159848 154754 154754 159848 166916 166916 168779 178676 178676 178676 168779 168779 166916 178676 188538 193667 193667 194065 194065 194065 193667 188538 188538 194065 197935 202522 202522 202522
100 0
10995 10995 10995 17057 17057 17057 36080 36483 39074 39074 39074 42980 49993 49993 49993 42980 57075 57075 57908 57908 57908 57075 42980 36483 36483 57908 66464 66464 66464 69275 70904 70904 70904 69275 69275 77645 77645 84787 93439 93439 93439 84787 84787 94836 94836 94836 101335 102326 106215 106215 108314 108314 109815 114020 114607 114607 114607 114020 114020 109815 109815 108314 106215 102326 102326 114607 120349 128431 137882 137882 142335 142335 151172 151172 151172 142335 137882 152263 162231 162231 162231 152263 152263 128431 128431 162231 164496 167923 174256 179125 179125 179125 174256 180632 180632 180632 174256 167923 167923 164496
100 0
8629 8629 18074 18984 18984 18984 18074 18074 8629 18984 27914 27914 30359 33526 38771 38771 38771 33526 33526 30359 44210 52390 52390 53719 53719 53719 52390 44210 44210 53719 56406 66329 66329 68698 69738 70492 70492 78234 81999 81999 81999 78234 78234 70492 69738 69738 68698 68698 66329 81999 96738 96738 104447 110600 119502 119502 119502 110600 110600 124261 124261 130399 130399 137289 137289 137289 130399 124261 104447 137289 144517 144517 144517 146828 146828 146828 146879 153330 153330 153330 155603 157941 157941 157941 155603 155603 158961 158961 158961 158961 171607 171607 172984 172984 179751 179751 179751 172984 188141 188141
100 0
4291 8766 8766 8766 4291 8766 22522 22522 30321 30321 30321 30321 41116 41116 48730 48730 48730 48730 60768 60768 60768 66265 66265 66265 69650 79051 79051 79051 69650 79051 93645 95016 95016 95016 93645 95016 106135 106135 108462 108462 108462 108462 115601 115601 116907 116907 116907 116907 127058 127058 127058 132808 132808 132808 146511 146511 149398 149398 149398 149398 162360 162360 167867 167867 167867 167867 176424 176424 181441 181441 181441 181441 183183 183183 185758 185758 185758 185758 195179 198480 198480 198480 195179 198480 209044 213045 213045 213045 209044 213045 219108 220620 223730 223730 223730 220620 220620 219108 231003 231003
100 0
2129 11664 11664 11664 2129 11664 25541 32437 32437 32437 25541 32437 50644 52692 52692 52692 50644 52692 67304 67304 67304 76449 76449 76449 85924 85924 85924 86710 86710 86710 92245 96480 96480 96480 92245 96480 107023 107023 107023 114764 114764 114764 130289 134839 134839 134839 130289 134839 142889 150509 150509 150509 142889 150509 164490 169082 169082 169082 164490 169082 181513 181513 183864 183864 183864 183864 199543 207403 207403 207403 199543 207403 225096 225096 228391 228391 228391 228391 234509 238150 238150 238150 234509 238150 251870 251870 251870 260139 260139 260139 275999 277544 277544 286418 286418 288498 288498 288498 286418 277544
100 0
1890 1890 9375 9375 9375 9375 17585 27478 27478 27478 17585 27478 37450 40987 40987 40987 37450 40987 44597 47955 47955 47955 44597 47955 51127 51127 51127 54010 54010 54010 63974 69174 69174 69174 63974 69174 76251 76251 76251 79926 79926 79926 85480 87947 87947 87947 85480 87947 101683 103656 103656 103656 101683 103656 115712 121422 121422 121422 115712 121422 127568 127568 127568 132613 132613 132613 139891 141226 141226 141226 139891 141226 145940 145940 148971 148971 148971 148971 165044 168115 168115 168115 165044 168115 182018 189687 189687 189687 182018 189687 198322 206128 209817 211231 211231 211231 209817 209817 206128 206128
100 0
8762 8762 12180 12180 12180 31511 31511 31511 39661 39661 54154 54154 54154 62140 62140 75603 75603 75603 83511 83511 93924 103590 103590 103590 103590 117306 117306 117306 121845 121845 131152 131152 131243 131243 131243 145394 151709 151709 151709 151709 163371 163371 163371 166010 166010 181980 190953 190953 190953 190953 202081 206796 206796 206796 206796 217444 217444 217444 219276 219276 227423 229979 229979 229979 229979 239035 239035 248048 248048 248048 257166 257166 257166 259011 259011 272832 272832 280376 280376 280376 286642 287996 287996 287996 287996 292818 296640 296640 296640 296640 307627 307627 314986 314986 314986 328536 332767 332767 332767 332767
100 0
9249 9249 9249 20724 20724 20724 27481 32281 32281 32281 27481 27481 38871 38871 38871 47488 47488 56307 65175 65175 65175 56307 65175 73104 81448 81448 84853 84853 94032 98597 98597 108578 109398 109398 109398 108578 108578 98597 94032 94032 84853 81448 109398 115422 115422 115422 120970 120970 124538 124538 130499 137493 144583 150625 150625 150625 144583 144583 137493 137493 130499 130499 150625 159038 159038 159038 164726 165443 173323 173323 177535 179780 179780 186764 186764 186764 179780 177535 177535 173323 165443 165443 186764 195317 195317 201532 201532 201532 195317 204896 214599 214599 214599 204896 215360 215360 218159 218159 218159 215360
100 0
1457 1457 8465 8465 8465 9877 18824 18824 20954 22938 22938 31387 31387 31387 40349 40349 40349 22938 20954 20954 18824 40349 49289 59052 59052 59052 49289 49289 60791 68184 68184 73769 73769 80764 85912 85912 85912 80764 80764 73769 68184 85912 94010 94010 94010 99509 101381 101381 107007 107007 108085 116605 117098 117098 117098 116605 116605 108085 108085 107007 101381 117098 133779 134673 134673 134673 133779 133779 141582 141582 141836 142700 150324 150324 150324 142700 155672 155672 155672 142700 141836 155672 168760 168760 168760 171691 171691 173141 177780 177780 177780 173141 173141 187677 187677 194481 194481 194481 187677 171691
100 0
12216 12216 18395 19540 19540 19540 18395 29499 29499 29499 18395 29499 39568 41684 41684 41684 44406 44406 44406 39568 39568 44406 59747 59747 59747 60247 61285 61285 61285 60247 60247 61285 73565 73565 73565 77210 84435 84435 84435 77210 77210 84435 94877 94877 101211 105570 105570 105570 101211 101211 94877 105570 108960 108960 114377 114377 118499 118499 118499 114377 108960 118499 121965 121965 121965 123095 123095 129528 129528 129528 123095 129528 135682 144275 150673 150673 150673 144275 144275 135682 135682 150673 163123 163123 163123 167308 167308 174798 174798 174798 167308 174798 190320 190320 197850 197850 203705 203705 203705 197850
100 0
12591 12591 12591 12591 22099 22099 29488 29488 29488 29488 43540 45029 45029 45029 43540 45029 63044 63435 63435 63435 63044 63435 72249 72249 72249 74817 74817 74817 87687 91889 91889 91889 87687 91889 98327 99640 99640 99640 98327 99640 104431 105468 105468 105468 104431 105468 118186 124375 124375 124375 118186 124375 131598 140242 140242 140242 131598 140242 152206 160697 160697 160697 152206 160697 171580 171580 180236 180236 180236 180236 190504 190504 190504 194693 194693 194693 213295 217219 217219 217219 213295 217219 219524 219524 222281 222281 222281 222281 234691 234691 234691 239278 245381 245381 245381 249934 249934 249934 239278 239278
100 0
12061 12061 12061 17833 17833 17833 20620 26318 26318 26318 26318 36755 36755 36755 39648 49130 52247 56072 59513 59513 59513 56072 64954 64954 64954 56072 52247 52247 49130 49130 64954 73771 73771 73771 79564 86160 94115 94115 98781 98781 98781 104398 104664 104664 104664 104398 104398 94115 86160 86160 104664 113859 117080 117080 117080 113859 123254 123254 133162 137727 142125 151457 151457 151457 142125 142125 137727 137727 133162 133162 151457 161361 161361 161361 168970 173527 173527 181809 186841 186841 187312 192849 192849 192849 187312 187312 186841 181809 181809 173527 192849 200366 202745 202745 202745 200366 200366 205300 205300 205300
100 0
18864 27982 27982 27982 18864 18864 27982 39340 39340 46048 46048 46048 54908 54908 54908 39340 54908 64276 64276 64276 72530 75970 75970 75970 72530 72530 75970 90475 90475 99472 99472 99472 108653 108653 108653 90475 108653 124620 128121 128121 137645 137645 137645 128121 124620 124620 137645 150764 150764 150764 152647 152647 153388 153388 153388 152647 153388 161726 170422 170422 178908 178908 178908 170422 161726 161726 178908 195792 195792 201057 210760 210760 210760 201057 201057 195792 210760 216394 221614 229042 229042 229042 221614 221614 216394 216394 229042 243752 249632 258497 258497 258497 249632 249632 243752 243752 258497 263313 263313 263313
100 0
13618 19088 19088 19088 13618 19088 27689 35063 35063 35063 27689 35063 47481 47481 47481 47824 47824 47824 54722 54722 54722 64546 64546 64546 79966 86428 86428 86428 79966 86428 93529 96508 96508 96508 93529 96508 106119 110391 110391 110391 106119 110391 119874 119874 119874 120889 120889 120889 129018 129018 137742 137742 137742 137742 148016 148016 148016 153727 153727 153727 157284 157284 157284 160458 160458 160458 167469 167469 171269 171269 171269 171269 187048 187048 194425 194425 194425 194425 198531 200651 200651 200651 198531 200651 202451 202451 202451 208711 208711 208711 215652 222178 227950 227950 230127 230127 230127 227950 222178 222178
100 0
13998 13998 15511 22514 22514 22514 32002 32002 32002 15511 15511 13998 32002 37494 40128 40128 40128 49850 51311 51311 51311 59514 59514 59514 49850 49850 37494 66994 74546 74546 74546 66994 74546 87951 93188 93188 102466 102753 102753 102753 103982 112849 120977 120977 120977 112849 112849 103982 103982 102466 102466 93188 120977 128282 133155 133155 141339 146150 146150 146150 155493 155493 156356 164818 164818 164818 156356 156356 155493 141339 141339 133155 164818 169722 169722 169722 177120 180757 180757 180757 177120 189168 189168 194557 201638 205622 205622 205622 201638 201638 194557 194557 205622 218863 219810 223595 223595 223595 219810 219810
100 0
439 764 10570 10570 10570 764 764 439 10570 18438 18438 18438 18473 18473 26059 26059 26059 18473 26059 38456 38456 46496 46496 54695 54695 54695 46496 38456 54695 56400 56400 56400 65913 65913 65913 75660 75660 75660 75660 79554 79554 79554 86541 86541 86541 89990 89990 89990 89990 102570 102570 104636 111415 111415 111415 104636 104636 102570 111415 112714 114824 120604 120604 120604 114824 114824 112714 112714 120604 127553 127553 127553 129628 129628 129628 139599 139599 139599 139599 147610 148591 148591 152909 152909 152909 148591 147610 147610 152909 160922 160922 160922 162714 162714 162922 162922 162922 162714 162922 174103
100 0
10103 10103 10103 10103 25791 25791 30540 30540 30540 44831 44831 44831 52094 52094 60601 64155 64155 64155 64155 74750 74750 74750 75087 75087 81217 91190 91190 91190 91190 94902 94902 94902 96203 96203 109886 109886 113358 113358 113358 117937 123571 123571 123571 123571 135081 135081 135081 135636 135636 139749 144900 144900 144900 144900 154758 154758 158799 158799 158799 172786 180000 180000 180000 180000 189398 189398 189398 192853 192853 211325 211325 211325 211903 211903 220817 220817 220817 222390 222390 229982 229982 230571 230571 230571 238472 241357 241357 241357 241357 250097 258240 258240 258240 258240 269164 269164 279015 279015 279015 284491
100 0
1198 1198 1198 9795 9795 9795 14543 14543 23856 23856 28339 28339 28339 40131 40131 42115 42115 42115 52606 59818 59818 59818 59818 68659 74668 74668 74668 74668 81613 81613 89007 89007 89007 100517 100517 100517 107551 107551 119177 119177 120568 120568 120568 126113 126113 133743 133743 133743 142849 142849 142849 147449 147449 163322 163322 163543 163543 163543 169801 169801 169801 173236 173236 175289 176156 176156 176156 176156 181492 190649 190649 190649 190649 206047 214242 214242 214242 214242 226107 226107 226107 227505 227505 237618 237618 243971 243971 243971 245746 245746 250687 250687 250687 257478 263115 263115 263115 263115 278632 278632
100 0
3405 3405 20874 20874 28304 35018 35018 35018 28304 28304 20874 35018 48481 48481 48481 55908 56890 56890 56890 55908 55908 56890 68615 73468 73468 73761 73761 73761 73468 68615 68615 73761 91338 91338 91338 100406 103504 103504 103504 100406 100406 103504 112924 115378 121707 121707 121707 115378 115378 112924 112924 121707 136938 136938 136938 145822 145822 145822 149078 149078 149078 149078 157542 157542 164332 164332 170756 170756 170756 164332 157542 170756 181871 191629 191629 200453 200453 200453 191629 181871 181871 200453 208532 208532 208532 213422 213422 213422 214639 214639 214639 214639 220479 225737 225737 232581 232581 232581 225737 220479
100 0
12596 12596 22205 26817 26817 26817 22205 28631 28631 28631 28631 37641 37641 37641 42284 42284 42284 44020 44020 44020 53743 53743 53743 55662 55662 55662 65258 65258 65565 65565 65565 71399 71399 75156 75156 81855 81855 81855 84182 89590 98022 98022 104541 104541 104541 98022 89590 89590 84182 84182 104541 119147 119147 119147 119245 126363 126363 126363 119245 119245 130772 130772 130772 139485 141700 147298 147298 147298 141700 141700 147298 161919 161919 169954 169954 172340 172340 181948 184266 184266 184266 181948 181948 192957 192957 195722 195722 195722 192957 172340 195722 204394 204394 204394 207481 212448 212448 212448 207481 207481
100 0
3659 14274 21012 21012 21252 21252 24276 24276 27191 34645 34645 43004 43004 43004 34645 27191 27191 24276 21252 21012 43004 60784 65480 65480 65480 60784 66165 66165 66165 60784 72961 72961 80602 80602 80602 72961 89747 89747 98266 98266 98266 106286 106286 106286 111799 118500 119515 124999 124999 124999 119515 119515 125900 125900 134507 134507 134507 125900 118500 118500 134507 141841 146434 146434 151469 155754 165402 165402 165402 165916 168548 168548 168548 165916 165916 155754 155754 151469 151469 146434 168548 172224 177157 177157 178480 178480 188450 196933 196933 202368 202368 202368 196933 188450 203780 203780 203780 188450 178480 177157
100 0
10880 10880 10880 17469 17469 17469 22752 22752 22752 35839 41015 41015 41015 35839 41015 50502 50502 50502 59088 59088 59088 70080 76726 76726 76726 70080 76726 78855 81515 81515 81515 78855 81515 87061 90480 90480 90480 87061 90480 100427 100427 101369 101369 101369 101369 111250 111250 119189 119189 119189 119189 130983 138473 138473 138473 130983 138473 147311 147311 147311 147679 147679 147679 157717 161860 161860 161860 157717 161860 166650 166650 166650 173306 173306 173306 176148 176983 176983 176983 176148 176983 186940 196182 196182 196182 186940 196182 202963 205366 205366 205366 208377 208377 216818 216818 225626 225626 225626 216818 208377
100 0
10636 10636 10636 16189 24517 26373 31299 31299 31299 26373 26373 24517 24517 16189 31299 37594 37594 43665 43665 47431 47431 53953 63268 73194 73194 77484 77484 77484 73194 63268 63268 53953 53953 47431 77484 94634 95038 103407 105703 105703 105703 108736 114149 114149 122649 122649 122649 114149 108736 108736 103407 103407 95038 95038 122649 127657 128256 137499 142420 142420 142420 147098 152583 152583 152583 147098 147098 155183 155183 155183 137499 137499 128256 128256 155183 162338 162338 162338 163282 172359 175448 175448 175448 176308 183180 187958 187958 187958 183180 183180 176308 176308 172359 172359 187958 188822 188822 188822 190539 190539
100 0
13795 13795 22276 22276 22276 23883 23883 31905 31905 31959 31959 31959 39533 41401 41401 41401 41401 51124 57648 57648 57648 57648 66962 66962 69653 69653 69653 84473 84473 86572 86572 86572 99078 99078 99078 107071 107071 123989 123989 133877 133877 133877 142249 142249 147960 147960 147960 151234 156165 156165 156165 156165 164571 164571 164571 166408 166408 172988 176265 176265 176265 176265 188199 188199 190029 190029 190029 203367 210448 210448 210448 210448 215741 215741 215741 216071 216071 226763 226763 226763 233639 233639 244079 249643 249643 249643 249643 263503 271321 271321 271321 271321 278767 286377 286377 286377 286377 291776 291776 291776
100 0
291776 295663 291776 299142 291776 302442 303846 302442 305359 302442 314518 317824 314518 327641 314518 335972 345637 335972 350663 335972 354472 358227 354472 365904 354472 372974 376391 372974 383473 372974 392234 392505 392234 396256 392234 400622 405723 400622 405759 400622 407624 412882 407624 421430 407624 426434 429324 426434 437132 426434 445824 455278 445824 463323 445824 465492 468244 465492 477691 465492 477724 479633 477724 488737 477724 494937 501528 494937 510295 494937 517871 518269 517871 527142 517871 528745 536211 528745 538499 528745 547183 549760 547183 552317 547183 554750 558043 554750 565700 554750 574519 576027 574519 585292 574519 589009 595519 589009 604025 589009
100 0
564318 944303 570457 619906 988086 141475 546638 258705 93345 60113 1000000 625847 770344 448267 590717 956155 446769 955364 172319 912808 1000000 452319 101530 548744 60314 799035 223666 771150 958934 137814 783475 523251 598469 870284 659508 102906 1000000 722497 361611 621454 298961 319086 247300 69304 767353 354368 25459 214121 1000000 714129 643281 497869 166447 261162 46612 226760 60197 786629 514262 19130 440794 814088 58732 39262 684371 234591 142168 1000000 957087 503778 350285 256047 822863 597585 841703 106567 951952 383513 837040 778035 97641 480320 792255 780439 741481 355218 7198 318029 658198 37811 853510 98991 851899 912241 138253 52621 146831 280420 781453 620269
